1000 9875
466 759
336 975
234 619
643 931
494 217
592 884
133 909
6 405
101 845
800 646
743 274
659 333
97 160
108 698
199 269
327 472
113 84
630 723
385 773
392 103
212 616
449 74
378 336
915 405
661 633
611 290
464 649
985 473
161 687
606 491
879 164
644 204
611 435
313 596
764 92
815 293
664 450
502 96
837 186
338 295
610 873
203 389
403 583
830 866
407 23
565 511
952 646
576 808
773 642
634 210
317 774
28 351
342 699
532 863
504 232
945 438
395 981
197 449
714 253
684 981
889 45
28 637
748 460
59 145
886 326
101 566
547 420
784 18
378 601
785 495
533 633
19 979
261 838
334 388
500 948
248 69
124 1000
418 867
183 161
15 920
609 461
390 404
362 855
945 185
991 956
836 115
91 908
989 523
115 418
81 22
911 496
604 870
826 152
289 299
721 966
3 899
116 568
483 279
360 106
731 109
55 943
207 964
333 265
190 146
178 714
765 262
531 818
270 266
751 983
630 652
378 261
947 759
524 123
696 81
337 615
350 817
991 250
60 456
886 964
687 669
174 576
951 792
695 946
424 259
651 583
299 581
47 163
715 125
933 142
23 410
870 731
212 465
716 37
330 36
4 293
739 225
231 356
657 85
907 191
244 977
605 793
435 464
165 711
730 156
761 90
176 736
853 682
602 874
676 213
128 579
243 428
375 678
296 793
741 905
667 745
763 661
966 266
326 697
315 388
909 512
816 922
961 650
709 60
693 679
500 799
974 176
356 625
301 826
323 798
45 309
132 719
629 919
428 338
364 36
155 487
531 515
972 663
445 394
918 644
371 729
622 816
102 539
823 537
275 31
189 637
9 207
66 488
130 845
630 744
156 153
639 842
394 514
14 235
532 364
381 658
330 644
130 674
963 680
30 625
911 904
968 754
648 240
134 723
302 401
14 5
331 131
960 721
647 787
317 108
929 531
304 789
468 1000
179 119
805 407
625 158
888 947
709 587
127 250
679 531
259 92
406 413
27 936
639 287
715 327
398 561
313 991
153 882
60 249
541 735
193 625
857 666
783 646
75 629
3 208
560 659
378 558
287 168
605 189
832 967
634 351
743 19
214 807
840 498
804 149
182 257
883 436
645 835
172 495
266 868
234 176
201 265
737 207
756 221
98 899
816 218
504 342
488 827
289 702
733 564
970 607
85 796
211 593
655 736
505 876
636 260
827 299
894 321
458 817
553 981
774 129
47 705
229 174
12 644
661 273
574 722
885 819
815 716
573 966
545 312
897 507
631 436
502 585
881 465
85 193
125 704
181 862
899 543
645 47
846 672
687 740
782 200
655 122
872 498
593 647
652 716
100 913
13 774
440 89
585 640
30 783
531 294
771 375
554 141
315 177
505 1
397 137
456 603
218 870
628 913
663 146
558 956
351 966
62 527
840 673
107 98
941 947
953 902
473 588
666 357
459 545
207 135
944 591
139 431
620 156
656 147
325 72
260 677
176 680
620 819
126 188
241 918
434 801
990 453
418 698
135 840
529 773
659 946
879 599
510 174
239 500
631 761
262 341
928 913
73 274
349 741
872 558
689 72
428 244
525 674
837 336
305 327
111 927
868 570
527 762
134 444
604 236
183 403
3 793
190 405
86 730
693 829
664 216
721 985
663 794
462 713
121 969
898 649
741 103
579 84
686 728
377 972
467 146
423 887
480 791
191 235
213 303
950 588
293 327
282 744
119 85
856 525
599 367
621 499
549 534
198 588
790 768
438 998
285 916
969 995
622 935
933 792
192 450
130 599
758 295
316 782
733 66
321 928
844 75
668 74
249 198
201 683
787 940
420 131
863 249
555 984
23 486
502 259
896 928
605 594
142 464
438 571
130 488
904 735
729 366
145 301
663 39
222 813
371 501
813 758
283 699
552 96
314 863
687 274
487 264
182 350
611 556
747 156
58 459
999 510
513 277
769 131
975 309
251 130
584 158
927 182
197 917
827 482
427 912
305 508
257 369
556 115
777 618
872 296
637 120
860 281
845 75
78 330
530 201
47 761
285 52
591 159
458 728
21 746
817 635
947 564
146 365
223 361
280 475
284 483
886 938
8 485
561 719
450 774
569 196
831 427
419 395
541 182
445 1
602 388
821 934
770 728
938 783
999 559
490 525
952 794
535 713
870 706
300 766
250 992
818 895
621 138
689 281
257 725
616 534
196 974
217 493
572 289
610 108
900 760
226 357
407 792
71 399
18 537
735 676
149 705
226 468
961 623
874 472
124 815
864 350
58 653
610 334
685 288
55 740
529 828
804 114
897 816
537 345
611 584
978 445
45 18
292 957
838 410
651 382
67 375
943 766
474 671
718 186
759 858
962 760
876 706
901 523
650 269
890 918
814 760
712 94
422 689
962 410
560 794
776 311
290 287
552 950
811 163
891 401
712 316
571 633
215 921
176 611
954 729
65 950
104 76
215 712
532 254
848 59
333 701
337 570
313 379
990 677
203 145
598 543
264 107
63 357
142 76
234 981
952 216
520 316
811 367
243 801
587 452
738 249
402 280
338 666
445 406
818 656
175 125
982 359
195 851
787 887
554 150
972 393
792 735
23 441
559 219
905 448
869 471
943 120
531 378
576 785
242 143
244 903
69 995
328 626
990 204
131 921
292 131
995 726
624 188
297 562
325 484
815 591
107 308
55 12
612 863
573 463
25 73
581 68
139 241
451 482
149 40
794 319
443 327
851 322
396 631
846 459
388 679
615 314
998 134
102 843
631 344
656 323
767 591
438 329
880 908
64 830
708 127
289 927
822 227
716 546
254 993
494 80
828 944
341 995
712 201
626 819
60 845
42 320
480 925
925 155
600 958
450 61
531 764
694 856
238 196
919 893
427 279
857 494
820 230
640 388
91 930
754 94
493 10
939 240
759 275
947 669
442 991
521 16
830 106
722 659
853 203
601 866
431 421
752 466
649 180
820 427
350 94
425 933
544 61
13 150
237 463
459 706
192 967
321 741
430 449
469 421
606 190
18 703
577 468
207 273
139 593
305 809
434 911
715 354
865 337
168 255
25 532
433 205
676 159
951 263
862 358
695 61
960 250
762 314
637 958
799 339
527 736
663 480
580 578
136 891
488 634
452 989
292 870
791 412
694 329
825 412
902 535
353 737
814 854
869 35
34 156
253 8
56 700
756 417
135 510
180 741
850 35
992 375
132 640
298 680
190 410
998 317
233 885
821 284
446 243
160 968
17 977
716 245
699 993
744 150
944 732
51 526
915 185
458 564
919 641
557 532
515 148
857 458
432 651
511 521
534 780
630 721
867 973
651 544
925 385
530 307
882 798
647 948
190 929
528 784
22 770
730 154
35 864
265 735
711 150
648 24
26 404
401 789
28 298
231 493
782 967
108 120
537 768
822 803
145 403
476 363
375 936
376 303
584 891
823 399
918 481
677 974
619 170
68 444
515 119
718 530
258 500
350 419
637 578
196 280
639 52
767 195
783 878
515 132
794 541
463 290
894 194
253 202
14 856
71 857
24 728
315 491
337 375
923 744
428 74
983 920
654 872
239 376
116 245
436 764
99 922
760 960
746 255
565 601
927 838
505 811
287 679
552 588
275 295
745 61
708 183
124 430
967 682
574 516
660 178
879 46
920 95
138 143
890 853
637 232
825 998
219 307
368 599
366 454
336 245
760 977
566 351
159 671
85 279
376 691
747 918
643 703
57 814
845 317
721 375
557 649
796 327
279 265
137 198
502 928
820 77
472 243
289 387
398 31
905 201
164 632
919 504
44 982
868 448
899 417
967 12
678 65
645 280
762 958
900 362
278 194
924 368
249 82
148 810
527 263
899 419
187 373
525 37
202 657
791 201
500 27
727 740
123 820
550 587
455 232
884 897
940 415
2 36
119 916
279 547
799 184
15 841
417 490
222 699
23 574
271 160
345 888
168 755
668 916
936 159
982 860
428 189
451 100
604 38
806 814
422 247
875 12
489 330
966 980
577 659
937 830
78 308
561 814
428 483
744 82
30 443
72 333
459 447
223 430
573 991
446 139
226 678
90 113
181 934
994 923
819 714
575 170
6 339
462 945
321 291
507 24
365 90
185 268
294 222
523 468
941 829
618 602
903 383
696 446
846 586
852 515
383 651
947 817
415 783
694 526
133 684
916 636
574 112
8 17
265 646
927 117
806 39
131 365
549 783
805 405
277 716
888 949
117 269
724 283
763 375
268 257
288 463
112 131
424 31
705 178
427 760
691 67
31 994
179 791
622 553
736 616
793 535
60 18
44 623
174 30
740 21
469 738
148 701
98 716
83 96
965 898
608 641
864 379
520 599
306 400
474 606
591 105
974 867
940 855
634 582
520 503
992 14
595 219
23 284
448 752
381 46
24 447
133 611
889 619
493 744
129 397
401 811
734 214
220 259
152 59
6 130
879 497
312 361
225 748
372 629
636 266
432 898
76 337
573 681
337 891
998 624
157 48
820 880
712 345
329 955
973 174
43 937
191 241
273 684
937 581
756 945
868 43
924 837
88 733
161 279
57 870
273 895
181 717
648 238
834 666
743 655
448 340
888 933
35 724
1 964
365 497
682 437
153 641
632 972
1000 528
875 428
86 437
52 717
278 283
689 672
840 852
676 442
734 112
495 676
810 416
403 778
567 687
866 358
982 610
567 560
273 266
260 528
814 155
662 991
116 333
373 346
984 753
641 592
827 141
183 619
262 440
927 446
710 826
345 918
586 252
969 204
642 58
680 377
313 173
556 468
370 579
318 995
31 26
604 456
16 865
145 899
935 624
99 784
813 84
232 399
939 682
483 542
727 355
105 16
681 883
77 170
745 64
622 510
146 613
286 670
631 766
849 34
869 47
542 223
907 334
117 879
280 338
258 800
265 2
655 789
142 888
588 758
436 93
699 593
917 536
924 826
511 129
204 96
429 179
618 914
643 723
365 179
863 436
132 84
598 35
602 430
730 155
951 817
933 774
60 406
278 453
557 838
339 729
620 318
472 54
772 43
350 59
758 340
939 522
247 977
654 19
912 414
655 382
288 408
218 713
866 77
701 775
465 876
356 895
710 346
520 162
518 861
213 253
451 702
677 765
53 938
365 648
314 746
866 943
633 904
11 646
177 146
966 402
218 922
2 95
61 451
704 173
499 347
447 539
510 890
508 539
887 987
755 522
383 757
404 846
139 171
68 339
50 962
966 700
609 81
811 765
667 625
928 959
335 195
641 607
237 725
76 725
992 54
817 380
632 29
673 621
695 180
77 253
168 679
377 33
33 383
766 251
569 669
402 588
502 799
958 553
449 751
668 508
252 212
968 797
950 413
845 690
730 50
490 831
157 71
848 450
485 475
40 762
440 52
955 727
445 829
378 256
124 252
416 45
848 224
311 837
21 827
740 421
897 755
949 756
948 170
182 978
308 265
649 243
812 873
778 553
446 699
175 966
472 18
78 727
300 760
374 393
726 850
394 929
52 645
696 109
383 85
525 342
689 744
521 35
66 617
909 483
975 312
236 313
754 698
3 104
5 922
248 847
176 532
528 313
87 543
143 780
116 278
747 109
956 409
241 963
19 295
214 798
24 646
47 214
28 866
605 120
439 824
358 424
659 861
613 430
63 973
323 912
785 891
347 54
96 374
557 151
797 680
570 98
458 792
448 384
703 770
48 376
470 163
841 525
224 537
778 38
706 461
500 785
100 588
678 599
517 987
69 964
932 708
488 301
964 3
414 565
185 275
42 396
688 406
64 170
52 37
492 348
683 141
958 1
706 38
9 942
813 945
699 708
199 103
386 512
80 501
999 764
265 645
194 357
783 350
731 566
536 520
539 379
813 888
83 551
654 88
861 620
147 462
494 835
260 799
700 328
118 127
209 945
709 584
767 326
677 170
770 988
955 359
809 98
667 76
501 30
485 177
294 581
72 609
272 99
744 540
870 951
232 871
488 753
833 790
366 758
334 336
864 774
840 501
319 508
348 52
991 962
297 722
870 145
632 290
473 554
675 929
776 768
301 795
374 883
842 513
699 136
591 142
478 973
483 741
585 353
803 438
768 669
295 210
479 625
985 916
932 609
701 909
793 285
320 821
546 255
233 808
454 489
950 325
110 166
793 398
722 476
25 564
815 713
851 640
525 895
906 221
238 202
720 197
938 260
242 185
578 319
852 716
281 851
599 215
929 975
696 814
570 971
171 127
995 346
703 149
830 104
136 116
869 718
619 759
319 749
584 626
753 109
203 12
757 621
425 26
354 144
743 654
890 678
156 926
531 186
398 839
899 830
863 113
188 303
818 690
175 19
145 36
431 333
585 890
331 305
837 937
134 988
572 255
236 498
502 645
847 690
23 76
562 318
981 312
140 232
970 43
364 334
844 576
558 818
913 825
435 525
552 82
714 423
258 385
497 754
779 382
16 866
181 424
441 283
793 46
229 412
589 492
224 884
225 557
231 595
90 869
16 512
271 712
661 80
590 46
422 620
923 989
796 674
703 858
190 363
545 360
307 525
15 324
488 541
589 95
539 886
186 658
998 541
431 756
364 697
549 470
336 154
389 160
342 128
147 914
241 19
208 868
843 826
972 158
288 942
887 45
981 920
213 14
644 807
312 817
39 646
723 721
338 721
174 667
947 921
948 326
109 830
956 857
919 327
102 104
445 476
568 337
553 387
607 80
20 686
922 712
120 600
84 243
507 764
853 229
679 724
313 939
670 937
529 43
400 97
884 649
810 532
150 93
926 914
624 691
98 757
819 655
13 380
953 641
554 672
404 847
119 946
162 265
166 949
546 611
999 72
167 745
206 113
964 884
392 749
656 382
755 984
884 252
210 287
564 754
341 583
893 122
680 441
493 396
434 42
722 130
840 245
746 268
486 532
920 929
760 672
119 359
411 598
638 641
226 73
825 996
254 654
114 37
318 427
670 156
341 778
751 979
943 414
226 730
405 761
583 762
949 508
938 111
670 446
621 468
344 256
437 569
369 851
169 84
230 796
191 494
8 972
473 205
735 237
739 230
79 585
631 12
613 513
52 791
981 158
411 289
586 369
808 203
239 885
317 919
780 273
212 507
564 396
107 47
292 75
314 655
23 229
45 877
136 983
232 780
572 2
974 922
905 869
418 784
704 313
707 650
163 220
6 890
571 747
969 459
73 303
846 498
205 474
854 612
447 365
380 832
950 92
601 679
295 297
759 964
817 297
929 343
733 531
358 514
350 666
636 343
530 708
363 797
206 653
920 812
460 93
243 407
689 179
962 311
806 488
240 447
804 793
332 502
551 397
368 418
757 648
294 958
481 645
71 40
329 473
807 756
477 753
830 175
156 810
195 852
786 433
37 121
610 813
214 674
792 802
61 99
50 500
714 863
443 815
226 149
165 749
108 209
58 586
921 456
350 274
73 143
473 741
681 456
166 640
944 566
908 81
837 181
433 55
876 349
89 949
440 885
457 185
205 523
386 359
746 881
249 831
607 620
940 849
451 292
415 129
41 989
128 573
465 384
284 860
534 328
976 532
884 133
686 375
506 847
604 4
458 938
898 415
572 618
65 708
391 702
323 28
732 352
533 113
147 298
55 717
495 506
462 753
726 386
285 72
181 23
143 740
147 155
665 730
464 501
651 859
218 843
289 254
310 596
428 743
147 121
55 768
513 548
242 265
596 840
407 443
160 252
751 888
972 123
818 593
800 972
857 141
969 971
145 249
751 745
256 702
756 806
627 108
598 116
708 732
435 80
218 576
320 144
193 134
160 329
808 357
865 628
882 554
614 777
151 5
173 589
588 18
486 668
749 282
951 610
277 607
459 596
467 65
516 348
184 669
663 31
408 529
361 727
698 702
516 483
850 405
379 919
654 625
378 590
698 545
770 114
666 3
53 511
253 803
201 344
665 201
950 250
861 469
684 306
975 349
297 862
851 355
599 705
748 805
862 929
922 422
663 560
831 434
23 721
689 477
618 77
929 430
250 969
660 298
155 802
399 183
424 833
977 107
875 650
928 593
945 533
345 449
897 426
555 338
975 913
402 923
276 896
145 735
996 55
285 846
622 73
185 330
575 125
43 804
616 98
835 256
164 752
989 505
293 220
420 937
296 343
633 594
925 556
165 123
368 121
316 249
875 394
322 518
544 390
790 465
520 213
9 592
166 494
151 414
227 748
532 971
149 681
473 241
336 864
207 103
339 23
413 740
278 318
895 753
349 434
635 663
401 234
305 52
892 1000
34 111
789 490
516 598
753 579
874 130
215 414
315 492
926 732
853 868
413 951
859 747
732 155
471 225
54 907
822 209
723 328
873 475
690 643
51 947
582 509
842 582
702 758
793 186
103 555
729 968
968 176
367 150
759 912
9 500
160 632
958 945
529 74
555 289
574 543
224 639
669 313
228 95
720 332
732 631
48 387
989 808
539 853
933 722
777 840
280 432
815 640
891 358
983 334
518 465
243 555
1000 97
263 750
88 744
380 630
147 945
421 660
484 662
621 467
528 895
892 362
687 777
623 603
862 225
83 21
222 64
114 633
257 965
654 237
427 200
472 387
683 481
579 749
98 453
190 525
74 42
202 103
758 80
376 334
433 185
457 51
927 338
359 140
608 760
884 797
496 630
996 887
723 153
63 664
689 857
357 955
821 115
197 194
474 633
76 789
183 19
157 799
46 281
598 858
33 590
127 934
514 55
951 110
220 20
603 605
380 722
876 687
181 495
20 803
37 843
614 127
63 975
741 934
358 313
451 105
234 379
987 171
436 723
402 543
221 866
572 583
190 454
582 979
915 935
883 27
242 945
626 231
99 520
65 616
337 899
530 690
587 815
660 81
38 613
55 537
975 984
47 665
656 904
119 71
555 154
114 70
81 279
544 617
194 560
251 931
731 509
440 210
997 402
265 425
375 2
604 532
790 861
187 776
518 332
268 591
655 109
308 376
806 203
368 419
866 446
976 290
967 92
127 387
627 971
791 722
574 198
614 915
155 116
47 66
527 212
160 302
550 95
143 735
188 500
561 436
464 668
753 818
563 440
804 243
26 378
743 475
355 490
429 783
50 68
415 332
87 931
109 551
722 865
525 245
49 260
247 697
533 730
258 8
596 62
96 914
798 538
328 348
94 620
24 629
685 256
372 13
488 514
588 493
555 796
724 841
158 787
70 463
331 945
2 747
174 473
110 475
343 492
76 543
393 667
651 239
33 692
859 832
16 550
497 903
479 627
318 695
931 476
219 94
720 409
459 463
792 692
977 14
291 682
931 624
910 586
893 146
676 616
806 555
536 59
773 306
349 832
555 547
635 967
281 672
467 953
176 442
859 159
114 106
846 907
158 393
678 704
916 317
808 697
352 853
958 35
248 806
924 247
467 516
817 865
435 34
761 395
471 928
317 26
855 542
455 364
916 898
854 534
439 558
890 191
28 194
491 408
438 673
979 511
710 381
838 326
326 106
455 658
198 224
757 830
294 532
67 870
286 644
602 525
236 259
113 546
149 660
322 590
101 651
118 891
788 829
130 35
761 21
233 428
965 679
183 42
651 476
232 724
68 378
988 187
386 507
194 688
799 125
177 422
508 464
271 564
110 516
970 749
172 95
889 923
927 217
115 95
67 448
711 923
826 31
916 44
744 508
161 79
323 251
507 374
313 81
152 510
203 529
459 491
704 814
797 287
428 422
487 586
492 625
988 622
166 819
955 607
726 286
229 862
121 957
677 714
536 134
590 377
99 318
595 677
744 41
377 576
907 545
51 387
380 333
273 653
792 351
208 870
639 777
787 100
631 181
948 209
222 474
633 593
795 814
613 747
433 545
804 560
160 95
473 864
823 496
613 636
984 148
123 736
640 928
341 437
682 295
294 673
23 509
839 895
364 285
832 247
316 472
636 657
305 841
628 609
422 842
495 554
243 271
266 628
124 768
231 424
961 591
871 12
486 106
403 677
934 706
774 631
831 74
81 588
407 582
193 862
509 188
663 369
885 257
600 399
249 615
359 885
491 750
607 820
8 880
387 827
428 213
727 403
30 161
825 671
789 60
190 382
996 400
962 512
836 121
90 839
522 930
186 338
708 179
431 948
363 930
987 108
147 357
665 736
833 646
501 816
856 801
765 431
531 715
267 427
904 503
262 769
48 701
808 851
570 798
422 78
602 111
972 45
863 367
322 214
165 316
973 597
19 347
423 709
344 32
397 490
606 344
705 824
92 629
177 442
296 82
117 422
279 123
744 592
321 673
785 18
718 848
154 451
504 132
988 430
809 293
22 74
730 157
762 271
474 983
767 816
774 704
810 665
727 460
672 618
33 988
505 655
72 806
353 835
102 70
853 918
440 953
628 394
811 730
444 749
787 245
25 161
788 698
258 617
506 809
950 82
861 715
307 681
707 427
971 766
898 552
3 852
395 499
153 145
432 922
938 412
104 34
747 840
36 544
384 716
721 181
229 918
215 711
937 621
317 275
924 893
847 384
798 834
503 200
397 731
298 400
133 225
997 482
57 127
159 925
364 929
763 332
497 256
706 84
464 599
854 196
268 735
89 78
405 849
860 941
169 38
545 963
674 681
234 440
199 902
331 278
226 32
64 139
763 267
868 658
53 717
829 124
614 754
406 407
961 812
448 153
526 388
622 557
970 50
918 306
499 758
829 57
465 570
446 982
144 17
136 453
438 621
967 504
541 842
410 252
563 814
840 617
70 290
509 258
701 644
23 888
281 73
379 890
552 519
366 612
721 555
224 13
297 727
484 471
926 650
675 390
757 270
315 279
115 353
641 411
76 536
58 127
499 163
784 397
823 804
785 940
371 925
744 385
159 428
777 933
445 587
47 719
985 522
512 438
289 3
321 453
555 360
702 489
298 979
85 548
467 952
181 22
836 343
659 310
769 650
875 180
147 10
446 58
393 142
380 298
570 982
293 685
42 111
7 671
414 560
443 941
890 474
755 148
599 310
731 742
491 381
971 183
349 913
187 342
868 309
541 377
669 804
351 289
749 502
326 329
551 256
286 549
826 769
773 774
647 877
50 263
970 372
44 809
541 411
69 394
508 958
625 266
849 926
114 785
926 810
491 185
774 878
914 529
697 871
184 782
547 433
141 352
205 582
554 715
21 585
742 284
616 896
400 693
864 394
318 999
72 205
181 437
555 648
112 766
367 414
993 859
81 769
137 567
170 94
586 986
861 324
334 252
962 573
655 706
712 12
15 675
562 34
859 355
242 871
411 856
532 187
379 322
625 751
324 321
976 784
315 910
360 117
751 75
219 298
293 623
539 843
8 657
579 90
375 167
548 711
273 755
165 345
190 987
984 406
203 92
333 977
389 847
726 104
947 877
144 526
806 16
207 557
613 746
282 916
31 755
416 850
459 788
27 335
374 417
321 811
840 997
390 289
883 905
700 337
810 497
583 228
269 924
986 734
127 184
737 732
865 263
663 204
79 773
597 952
359 21
73 244
435 509
992 910
520 821
597 809
945 312
932 2
789 391
671 871
738 448
867 700
230 108
927 414
146 172
414 706
211 305
49 190
380 712
120 435
805 719
258 642
621 875
582 499
159 326
785 659
436 761
76 544
737 378
422 572
450 765
319 140
54 171
241 496
225 703
355 632
941 673
979 530
711 783
872 152
362 624
613 249
940 351
380 140
327 663
293 515
555 176
708 509
915 302
65 940
13 644
217 793
18 282
346 959
610 704
427 338
872 692
516 799
26 672
327 74
19 237
7 148
626 312
939 477
236 93
820 360
18 990
628 879
347 854
576 924
973 694
248 573
395 382
909 398
880 2
778 823
586 380
363 45
715 336
294 605
84 897
981 509
31 922
862 808
491 129
53 906
130 121
614 561
773 755
101 706
638 443
322 957
487 469
325 10
81 542
79 63
245 558
9 606
173 87
983 970
550 991
77 443
115 248
922 286
610 161
786 76
908 285
550 814
737 277
278 621
146 587
46 990
586 530
181 286
901 629
579 359
851 394
590 182
470 820
261 359
409 524
784 782
238 70
996 235
190 294
609 562
341 954
587 958
551 219
328 555
460 88
975 843
635 938
739 329
657 716
910 654
877 809
300 523
446 494
29 158
490 806
19 152
761 737
725 262
229 631
838 559
424 343
961 400
563 452
861 616
103 839
966 173
37 247
151 83
524 719
183 95
283 347
987 815
607 314
350 273
408 568
924 970
411 447
178 414
519 981
995 557
874 307
433 52
754 956
61 473
723 183
245 263
488 516
913 627
988 209
326 968
267 58
756 36
814 828
546 422
249 542
659 893
471 171
715 777
958 651
768 771
915 596
827 288
635 763
185 319
816 594
38 564
419 562
756 361
684 254
669 334
33 994
110 170
59 632
298 976
851 644
691 859
911 166
548 684
778 425
356 189
138 968
982 217
995 145
470 429
74 970
864 760
649 476
7 670
29 804
34 536
617 423
365 202
277 920
114 330
389 874
339 595
670 501
273 961
347 752
584 568
429 574
928 99
730 307
326 334
716 194
682 446
159 946
649 783
354 31
800 173
798 721
89 474
952 984
662 519
240 922
937 4
558 596
170 637
944 792
875 304
144 848
917 955
406 432
107 91
127 20
777 54
251 187
464 630
107 488
284 879
740 780
64 293
328 378
699 349
187 33
461 642
362 89
453 302
236 946
438 146
629 133
421 832
25 47
304 82
555 651
694 242
162 451
698 241
2 696
152 213
414 181
396 992
346 279
37 914
884 267
755 795
208 704
608 349
81 435
190 367
707 131
157 126
893 180
161 123
164 910
12 397
480 959
320 644
925 121
947 545
904 428
255 271
582 995
476 552
338 939
191 353
765 604
345 17
956 631
597 259
749 72
882 875
889 321
136 483
467 403
537 253
325 977
763 360
593 947
867 172
801 608
514 635
753 879
862 155
994 115
240 918
562 335
943 62
227 333
361 918
888 609
245 44
852 4
853 301
502 437
32 513
966 4
809 207
849 778
500 158
11 701
84 989
983 707
715 661
130 5
315 3
236 519
628 257
865 81
261 846
297 669
871 159
512 900
648 733
549 407
375 893
339 487
395 393
292 535
29 708
24 848
513 159
785 658
402 566
292 614
633 440
979 676
105 247
34 45
676 716
862 787
920 54
213 915
669 389
465 239
673 834
141 150
342 343
414 800
346 154
668 707
741 51
959 460
640 36
470 11
486 798
592 813
259 910
512 401
657 743
820 821
397 548
294 423
191 89
504 371
725 752
800 809
178 597
103 1000
311 979
826 629
385 889
562 815
906 397
640 753
290 950
114 658
186 775
208 723
890 275
897 396
40 940
188 380
389 563
913 185
640 543
148 978
810 323
313 745
904 900
743 547
526 63
507 559
221 277
791 937
867 287
321 679
911 184
36 926
330 191
477 60
79 792
939 779
121 18
191 942
710 202
261 306
684 945
38 828
16 113
92 260
187 504
741 945
318 834
743 231
619 29
713 80
733 13
366 590
629 204
153 41
796 709
67 751
968 354
197 848
893 926
571 207
721 606
334 27
48 128
150 213
180 901
162 408
806 977
861 282
384 130
684 501
266 170
592 604
112 918
815 409
924 699
216 832
413 186
234 393
482 352
996 261
65 621
483 426
215 995
829 624
560 408
707 91
601 764
263 553
86 884
877 663
199 431
346 993
863 580
310 588
114 69
958 808
941 934
52 179
125 579
626 232
464 299
830 644
768 275
881 446
184 218
611 277
152 632
462 853
30 633
165 222
772 458
939 427
812 955
728 390
104 480
748 825
92 821
938 865
499 813
541 260
88 916
469 281
643 460
607 7
867 170
500 385
635 326
731 811
827 552
511 3
465 943
544 246
894 2
496 695
395 789
487 107
14 585
953 995
759 95
979 179
638 468
162 619
163 414
419 104
735 534
576 421
667 798
193 791
743 11
549 478
839 565
166 870
162 333
126 106
521 786
684 330
387 996
319 481
208 644
135 403
873 400
289 807
738 858
850 896
119 517
673 921
413 158
767 709
419 565
973 70
497 789
967 616
328 761
185 80
369 467
81 487
137 469
502 593
599 125
398 268
950 713
733 759
898 812
938 257
522 960
595 650
264 976
7 520
229 904
431 332
305 877
609 826
317 309
781 261
801 136
270 117
274 8
848 173
437 637
441 634
958 433
355 220
193 233
29 387
485 833
532 622
91 758
203 400
703 863
815 249
201 551
416 679
259 19
832 383
356 833
578 997
931 613
239 824
538 385
961 782
675 616
182 552
961 959
361 731
692 569
184 784
352 498
426 921
351 748
300 882
840 391
362 55
89 917
956 357
562 884
324 143
93 982
439 206
689 247
854 811
348 888
869 240
694 320
183 197
922 343
393 643
49 225
694 243
141 721
271 678
73 747
728 636
479 707
561 142
390 48
543 10
727 377
323 111
879 418
132 513
96 307
738 894
647 88
617 119
599 803
531 579
94 825
935 477
294 431
397 904
933 716
385 561
354 525
929 125
968 965
395 971
351 328
833 473
726 140
428 711
403 533
492 274
476 911
717 839
55 864
812 605
908 209
65 224
3 20
14 171
307 863
267 565
905 214
834 800
114 766
597 243
231 405
621 13
967 33
588 986
294 853
558 518
882 202
946 284
657 215
820 261
71 381
95 267
903 846
691 16
602 637
179 804
918 265
451 63
615 721
88 362
824 288
371 509
170 880
745 712
231 89
503 788
508 674
932 12
205 638
650 989
376 20
639 61
440 817
317 705
174 314
858 779
343 321
70 507
21 205
928 949
622 183
163 180
367 444
479 662
97 115
284 896
784 440
897 127
989 401
676 717
21 272
401 716
647 444
261 257
65 640
933 979
985 983
971 352
825 894
953 177
330 632
591 611
684 199
467 901
753 492
463 323
698 359
946 877
708 860
735 870
217 799
961 360
209 387
561 630
907 590
251 8
270 130
623 272
762 461
734 668
134 605
651 581
472 250
570 639
19 239
114 659
740 419
194 283
717 589
477 744
369 807
408 913
578 181
373 823
669 746
47 170
965 595
754 466
740 641
524 598
44 755
575 593
779 864
373 73
688 955
74 86
830 609
796 945
374 685
131 477
93 203
650 878
478 415
1000 351
124 807
430 226
490 457
92 30
435 584
534 212
790 66
840 19
791 255
903 481
945 171
267 387
396 357
35 191
399 646
306 550
720 885
296 657
27 515
896 448
625 796
555 837
317 382
519 294
560 861
443 307
68 204
604 398
346 426
936 592
759 850
484 284
417 205
772 849
55 375
242 858
135 319
16 589
717 459
534 643
628 218
689 362
873 213
447 78
964 841
7 918
264 329
863 583
521 258
800 711
947 536
431 683
347 456
912 597
265 708
317 272
579 165
318 219
322 134
592 40
42 25
501 420
691 652
213 80
507 895
850 954
240 146
233 993
591 955
708 741
74 281
494 730
439 978
923 877
655 271
363 237
643 463
644 28
41 97
574 341
633 767
79 854
620 403
307 290
866 161
120 661
597 909
943 241
675 591
179 796
678 326
478 488
10 722
83 504
254 371
54 918
3 219
745 640
961 579
88 465
966 476
572 35
3 360
166 788
633 59
707 732
175 558
100 646
37 521
651 261
923 568
984 570
110 620
33 168
758 636
444 652
158 934
659 895
145 809
966 895
333 132
845 809
525 919
717 495
264 755
138 148
746 321
471 376
882 129
812 340
775 352
9 324
212 888
525 889
195 362
56 228
847 333
846 911
833 508
82 968
284 396
109 417
655 965
905 40
144 662
768 496
208 595
386 69
852 558
798 716
217 113
535 555
60 393
977 607
800 48
929 668
986 935
515 583
679 456
293 29
613 580
160 334
179 90
387 365
571 876
365 635
402 391
155 197
763 296
281 664
307 318
164 157
543 656
525 132
201 912
454 450
975 228
984 329
213 537
474 771
992 852
365 814
387 660
597 643
196 300
842 250
896 537
541 810
491 617
419 148
514 253
441 428
98 973
200 5
163 155
534 510
101 331
266 144
818 421
585 438
346 354
805 697
205 413
337 45
121 758
654 950
289 962
932 572
264 512
428 275
860 270
425 339
579 95
817 598
417 518
937 537
994 602
939 71
775 469
337 745
569 70
224 96
493 998
846 538
80 149
797 174
587 678
237 481
759 124
999 685
817 897
69 696
751 660
364 996
346 619
388 372
799 874
601 247
291 579
734 309
95 229
23 392
5 653
222 744
212 455
984 152
201 850
183 582
990 82
938 713
353 383
139 740
144 190
168 634
39 883
84 104
946 127
573 176
567 621
365 641
59 314
13 485
540 474
158 589
875 973
183 10
370 527
645 881
136 799
214 868
175 742
324 236
490 244
110 693
129 458
900 833
449 853
712 845
471 252
827 396
408 211
554 44
228 919
814 890
569 565
306 757
37 803
538 888
558 383
484 200
765 73
197 557
200 287
772 781
935 371
43 187
464 148
941 670
927 991
821 376
401 645
254 545
437 79
518 168
708 206
470 9
864 580
156 150
540 519
704 957
358 850
809 546
720 131
369 920
151 294
924 789
156 143
416 36
954 556
459 70
976 428
616 67
119 48
269 505
713 899
684 404
100 963
405 853
679 435
528 899
320 155
490 626
87 692
71 211
143 710
240 85
222 69
319 179
98 111
796 236
992 591
204 583
500 478
472 311
422 615
294 592
723 958
47 376
697 589
336 833
541 866
582 22
658 574
681 359
16 689
810 645
850 342
407 753
157 734
144 471
37 532
444 58
409 981
948 954
861 487
258 754
386 447
387 906
230 158
509 973
498 350
867 955
85 782
106 299
860 208
453 518
149 253
926 479
711 863
513 106
661 146
628 219
99 527
206 881
357 459
837 561
987 76
35 402
57 7
419 744
561 951
856 769
911 335
109 299
590 266
77 845
635 943
455 208
734 879
333 692
118 394
462 808
915 102
113 10
815 385
599 302
216 301
659 109
207 540
757 658
158 761
43 874
708 742
412 299
588 908
237 314
389 533
429 616
965 566
160 291
906 178
161 990
951 999
130 647
882 512
4 380
922 667
351 839
409 452
743 577
433 510
17 255
398 908
739 486
615 651
47 431
69 291
966 51
416 635
519 973
32 587
329 31
274 795
810 889
337 405
379 894
508 602
549 476
390 296
414 418
269 613
292 986
225 425
478 805
563 796
429 351
620 630
89 326
958 654
746 172
485 88
340 829
270 652
733 930
38 728
298 701
190 487
851 427
216 862
692 499
833 405
510 628
946 976
161 92
793 407
447 242
195 365
441 813
613 911
467 813
472 917
898 989
756 953
316 542
613 784
227 173
617 469
602 35
938 33
360 934
189 377
417 151
472 224
77 548
298 275
156 917
85 41
761 763
108 510
189 354
330 706
649 780
458 287
672 123
341 256
429 691
865 398
131 222
102 27
444 15
123 584
676 418
490 733
759 127
115 712
555 832
541 520
602 534
306 251
914 506
936 94
22 135
723 886
822 638
741 870
652 153
250 543
464 601
816 402
292 879
548 161
885 296
228 621
824 876
475 156
239 367
594 170
353 760
928 794
267 168
659 666
272 514
201 444
665 414
669 446
854 634
715 769
828 133
648 743
66 260
194 881
530 759
33 437
678 519
988 619
203 997
989 734
959 58
797 395
1000 41
416 170
401 442
25 650
358 774
986 247
313 391
351 475
138 634
602 7
30 548
587 345
324 769
808 666
455 41
57 906
764 796
722 876
925 265
13 975
786 209
743 683
140 470
940 28
436 409
868 420
796 137
122 66
359 307
696 269
420 181
667 412
173 427
212 493
677 107
81 62
115 676
79 769
870 532
743 286
987 929
529 44
621 429
904 779
718 744
404 624
25 381
558 849
120 829
502 292
603 824
895 48
552 106
864 332
550 80
666 510
893 719
322 964
220 159
202 702
735 616
595 445
922 151
541 959
780 217
750 795
80 108
970 699
370 415
798 397
159 189
346 468
168 512
599 739
674 278
146 927
55 365
149 216
137 672
730 737
984 785
732 439
533 66
419 638
258 928
524 395
243 261
107 819
570 57
272 780
73 880
846 853
830 382
812 285
890 717
742 602
543 671
378 409
158 443
140 139
57 196
919 700
189 479
838 948
214 114
525 194
8 495
63 331
288 111
750 147
473 165
4 123
479 411
501 383
138 737
32 100
35 775
695 903
536 564
204 866
558 689
728 348
88 955
251 473
499 690
951 898
167 243
459 820
79 711
316 155
193 320
440 100
450 593
469 499
363 144
205 902
53 82
390 769
141 113
752 64
109 573
274 530
938 573
740 993
741 813
128 626
963 880
157 812
509 377
59 182
561 264
173 194
563 838
789 745
415 5
112 604
221 214
887 769
214 641
92 280
289 574
179 766
461 984
119 796
744 28
33 561
742 571
552 755
370 274
461 937
764 582
727 434
820 720
12 437
894 449
682 721
21 449
706 178
775 88
428 325
785 780
836 911
25 951
959 825
328 704
24 249
578 672
607 541
176 404
12 874
15 389
492 438
648 834
946 783
229 514
394 422
491 922
570 831
351 386
562 895
156 236
88 714
221 946
594 325
223 196
136 64
319 753
378 159
655 107
969 976
968 765
751 722
187 895
976 280
777 473
2 924
800 22
817 968
530 131
843 72
352 941
613 558
728 312
566 892
515 762
112 45
278 372
763 270
141 4
531 388
554 815
540 206
724 403
620 28
503 696
719 408
151 476
932 247
794 240
418 972
284 133
758 848
762 415
637 513
339 322
604 420
951 475
408 329
34 287
107 703
131 607
29 536
211 749
676 801
400 620
403 632
423 256
690 581
505 889
162 42
497 953
462 329
814 546
930 39
234 488
641 184
55 477
424 876
829 410
579 468
356 42
211 809
584 269
53 86
246 218
147 17
931 361
161 445
152 552
714 678
390 57
94 412
919 597
722 649
193 125
605 816
770 743
695 862
721 455
468 928
364 17
238 526
259 391
667 258
886 138
587 107
292 321
256 979
153 569
406 453
959 699
731 776
625 269
329 216
112 216
48 410
995 879
780 321
152 126
151 30
404 605
996 983
460 881
653 94
526 276
231 54
180 687
386 211
850 396
3 895
999 45
175 607
430 467
914 669
457 862
990 432
791 289
923 958
129 492
66 623
250 766
414 415
825 532
951 172
862 54
719 944
632 10
836 252
653 482
695 171
257 497
668 981
225 549
411 271
784 494
896 168
57 348
115 466
557 215
815 919
149 759
521 638
9 338
446 249
36 944
105 313
470 82
168 846
638 591
862 449
798 671
485 640
187 822
417 165
448 776
981 928
263 929
322 383
30 948
969 1000
4 23
481 710
248 695
970 258
843 16
369 905
557 974
636 969
964 976
144 801
515 818
418 454
607 88
790 488
486 691
119 237
696 509
420 5
97 880
79 768
927 156
156 527
237 199
698 746
625 442
628 623
573 186
972 958
102 370
748 448
407 680
970 966
97 82
813 380
559 360
447 514
358 91
732 844
647 662
1 276
954 434
572 997
718 613
724 792
84 703
242 383
276 265
922 263
851 151
413 944
570 373
254 250
413 316
229 440
11 827
193 861
842 577
992 446
98 817
745 154
676 712
825 786
862 791
519 114
522 210
427 26
300 292
599 960
539 957
884 410
422 42
484 40
211 880
90 99
952 378
751 106
879 161
384 742
96 560
939 20
1000 6
375 134
560 168
512 226
367 994
711 441
731 263
473 59
954 554
47 849
284 101
285 988
364 955
716 32
313 531
631 151
854 178
507 965
575 380
748 864
737 529
990 957
5 751
246 93
193 327
212 485
784 686
268 279
948 465
397 117
341 16
317 830
501 1
800 344
801 753
235 93
348 660
573 512
499 736
796 908
819 469
433 178
762 416
897 611
775 518
886 271
672 753
749 78
303 605
70 312
827 863
573 335
957 720
991 860
840 450
362 10
954 342
240 610
442 162
111 405
154 798
447 695
249 660
837 507
733 186
207 497
833 997
46 659
837 396
825 588
970 559
609 485
920 376
486 453
609 342
917 149
994 304
928 690
945 884
160 556
512 305
34 77
471 480
953 353
902 90
587 804
347 303
139 805
556 985
355 744
1000 211
680 388
555 147
369 388
21 531
316 645
964 932
981 661
475 560
890 593
704 538
551 52
791 517
868 136
523 607
820 43
344 484
569 237
991 194
798 180
646 411
26 560
958 409
85 19
565 281
648 288
683 930
268 676
985 142
201 671
352 541
973 853
725 212
908 916
880 35
218 662
438 591
370 913
959 292
283 350
516 352
849 965
829 231
278 87
61 349
562 482
140 76
359 88
116 901
645 661
6 685
252 638
596 69
126 587
701 670
704 238
983 628
106 216
980 688
612 834
974 873
187 137
427 678
618 191
84 759
547 249
641 364
344 668
254 163
935 582
261 531
805 63
968 17
953 419
326 751
179 407
595 850
226 152
85 800
766 169
16 541
718 12
542 862
48 398
447 30
935 835
360 25
738 969
699 130
285 64
824 398
510 709
629 657
18 460
845 409
403 491
668 293
463 731
262 594
484 710
801 140
565 91
971 220
521 29
35 881
915 501
644 221
863 491
174 163
646 391
152 967
29 65
100 901
781 420
344 111
494 757
151 172
912 245
706 293
946 372
692 880
967 462
938 720
615 600
729 237
77 723
344 141
642 696
168 91
612 142
121 93
747 344
733 318
571 591
790 303
577 338
283 683
891 574
936 192
939 996
46 126
40 307
925 7
392 924
764 17
46 489
177 78
654 744
698 920
55 101
148 441
24 711
872 907
802 970
346 510
456 146
993 861
535 754
546 455
504 382
327 493
254 814
82 359
248 253
510 519
913 688
760 798
139 382
656 553
931 481
985 370
869 85
155 600
191 142
506 700
603 70
454 564
551 158
458 571
460 450
739 902
920 876
461 436
547 527
930 494
199 256
264 304
70 431
977 926
248 986
815 458
272 370
247 20
215 634
751 676
795 950
522 706
201 629
843 898
937 329
866 353
796 20
143 458
636 859
585 735
143 751
181 600
990 966
386 880
425 910
778 650
105 918
677 152
951 553
203 257
604 691
297 196
835 836
218 846
536 915
874 601
817 45
19 768
719 339
225 43
351 703
192 220
945 306
233 480
892 881
54 758
177 462
847 447
463 390
1 363
20 561
120 29
859 626
837 397
292 909
884 39
173 681
38 103
567 210
2 742
594 140
150 406
614 75
335 926
837 312
859 784
897 115
312 461
457 548
43 303
318 743
482 117
393 780
581 803
432 870
107 932
791 730
826 58
310 859
992 302
206 792
814 603
217 577
792 117
167 87
243 277
996 253
670 122
93 744
582 806
142 691
949 33
218 93
169 631
656 819
270 279
440 62
705 758
29 180
947 689
752 567
329 714
739 819
522 791
686 994
378 377
108 290
215 542
327 64
503 259
554 23
916 978
852 976
763 247
729 11
621 237
494 685
122 100
710 301
692 808
487 156
144 782
914 286
522 363
97 802
226 134
672 276
912 259
970 25
130 448
24 835
187 273
366 228
926 868
317 251
784 845
203 258
753 616
59 347
940 576
832 89
192 312
266 531
672 754
710 94
642 470
384 458
684 573
796 595
211 501
828 204
819 611
859 606
509 89
491 562
609 395
797 924
375 688
874 113
548 242
107 610
733 810
129 68
148 224
24 430
81 835
208 188
750 535
822 96
699 215
112 907
688 68
266 38
253 438
826 222
685 873
464 115
745 6
533 471
788 22
793 440
298 998
320 850
376 718
802 438
110 3
685 523
468 569
678 732
130 862
612 80
109 630
299 65
640 291
949 295
751 879
901 68
80 336
905 44
564 130
365 217
915 472
650 100
27 232
283 130
156 908
912 562
530 129
359 239
933 196
311 720
886 172
870 381
583 900
342 530
165 59
369 592
863 577
931 588
899 234
39 935
5 595
31 983
567 545
14 675
369 690
347 432
689 915
562 483
589 954
843 406
292 144
719 267
407 673
339 215
698 530
511 509
576 442
513 399
749 881
247 502
510 191
386 495
943 561
893 870
451 303
785 563
292 965
10 274
395 468
732 91
436 520
954 77
385 222
885 627
392 686
64 923
284 964
727 336
425 260
326 932
824 689
898 404
612 560
834 534
172 145
120 418
263 362
525 915
233 901
849 51
665 964
367 839
224 575
985 700
171 336
402 940
4 648
460 122
899 765
368 281
868 222
136 239
688 632
262 559
612 219
5 499
820 8
325 598
108 362
933 791
151 830
759 5
726 950
748 794
624 776
531 196
843 118
464 953
658 65
680 665
40 248
443 725
137 934
407 118
155 217
680 808
684 848
22 811
776 283
541 517
374 382
891 576
395 935
13 108
970 81
830 573
652 261
148 612
221 122
182 335
917 264
884 861
116 455
278 850
628 450
162 763
783 911
936 782
901 772
817 61
80 450
471 212
73 285
201 464
989 279
498 274
685 126
290 6
668 983
21 268
928 652
525 550
582 537
90 875
902 400
855 559
500 538
836 412
642 629
648 42
774 94
377 299
636 289
854 744
548 639
626 843
973 246
497 133
225 886
967 984
347 391
226 716
262 684
285 837
5 70
274 105
113 215
645 118
283 20
78 823
467 552
269 290
256 93
847 981
406 645
27 208
781 455
51 214
967 28
348 620
977 712
743 565
584 886
40 255
377 117
178 126
109 598
554 997
41 206
832 207
615 716
706 552
780 359
443 746
801 836
876 248
26 318
719 338
425 568
248 386
325 31
399 824
936 204
990 259
363 124
614 415
795 275
712 659
140 996
788 584
491 952
392 953
140 891
362 935
953 760
222 715
466 137
323 784
34 325
114 556
26 324
150 407
814 894
175 960
244 83
716 952
916 202
292 620
872 646
704 659
871 601
217 576
220 589
494 20
756 687
684 188
566 291
206 648
66 359
780 751
358 967
143 153
698 352
630 879
245 959
831 12
599 32
857 385
855 154
507 8
398 457
535 792
517 893
901 478
651 747
674 840
507 249
15 64
952 90
294 57
868 150
890 426
212 658
138 541
412 428
166 71
886 982
356 593
138 748
450 650
179 504
787 249
91 644
882 649
991 121
118 255
9 184
856 276
549 799
252 625
880 426
827 661
188 489
599 7
356 695
822 872
26 367
465 837
549 113
149 611
390 857
996 898
265 850
486 812
22 66
26 1
729 454
628 764
455 880
617 613
154 237
192 424
599 772
49 497
267 390
277 225
228 593
15 861
192 359
474 753
201 287
20 837
718 276
296 549
85 921
581 996
785 703
987 309
699 121
591 191
229 474
121 705
251 638
694 188
698 179
954 25
450 264
125 138
536 441
310 804
647 415
912 69
385 524
43 40
225 845
691 836
910 742
427 708
683 472
885 978
670 230
928 257
912 902
221 82
470 408
308 35
649 425
8 319
562 890
247 46
798 842
605 952
432 389
290 613
647 633
277 909
593 260
170 479
134 562
281 926
854 109
635 231
450 895
701 410
968 736
972 216
441 608
485 855
588 904
80 639
722 962
826 707
598 209
40 797
406 316
227 369
302 381
541 544
620 31
771 39
835 940
18 622
40 458
614 468
80 955
233 447
857 533
110 791
774 676
334 351
698 787
340 756
590 652
371 904
444 538
323 859
340 603
635 11
110 625
572 798
421 806
851 337
31 443
489 496
268 74
879 295
955 255
719 846
741 258
285 316
638 922
784 389
270 656
346 314
76 615
276 33
439 567
582 589
363 981
694 11
793 490
996 295
155 961
545 345
255 848
229 470
63 89
812 161
160 808
399 123
60 817
940 429
262 705
13 709
787 482
240 469
792 332
635 828
462 776
302 733
32 444
952 18
919 598
811 297
596 705
687 746
585 361
374 179
252 731
493 799
869 580
800 200
179 48
435 90
290 875
221 693
347 870
43 609
192 933
486 571
530 117
344 224
584 196
654 178
571 720
454 436
437 207
598 479
430 61
400 112
679 698
974 574
45 794
781 102
914 521
113 726
738 325
154 178
232 846
283 602
163 416
867 648
135 190
525 944
487 363
514 69
93 976
258 263
225 344
409 913
980 472
413 937
16 861
399 618
718 332
242 701
731 785
632 13
480 266
683 703
506 774
451 155
239 216
851 474
652 390
629 294
74 124
883 45
974 404
8 955
9 343
191 59
484 55
129 990
260 352
6 388
532 212
147 46
367 971
579 211
69 897
345 233
143 90
938 126
501 502
657 542
123 221
862 436
84 433
634 832
553 750
200 898
203 37
477 670
995 65
298 499
434 243
737 522
10 500
773 866
333 811
839 225
623 702
992 696
95 369
161 669
635 260
710 342
857 430
809 167
370 983
657 491
770 778
794 132
210 831
121 232
305 977
857 732
140 59
203 876
266 972
124 904
508 559
344 568
1 361
149 913
617 537
580 427
374 408
949 762
966 680
73 431
385 123
918 847
928 971
175 850
4 816
556 323
104 642
765 211
927 164
675 215
270 729
417 315
312 463
681 970
405 842
101 251
546 344
181 179
879 460
238 316
202 894
284 700
751 6
527 127
242 18
372 689
708 203
180 492
878 255
471 319
453 976
682 938
102 134
688 279
798 988
638 543
622 128
809 549
593 398
692 502
566 475
878 473
290 606
185 364
39 377
646 291
226 832
333 540
887 149
104 380
929 893
237 448
557 781
743 890
202 760
815 505
360 533
531 142
145 191
855 729
161 565
922 209
614 892
464 898
895 687
265 155
895 877
247 574
876 78
179 774
74 80
520 842
139 404
505 436
822 907
515 49
884 70
758 217
390 551
510 54
149 836
131 841
577 649
979 874
896 599
549 291
788 621
107 640
419 194
455 768
970 440
387 608
462 36
118 602
690 379
984 548
220 413
884 180
524 325
408 897
103 496
250 932
519 450
229 810
618 395
810 170
698 35
816 667
21 318
774 148
81 99
686 576
245 784
967 637
516 773
973 44
372 321
163 658
493 135
350 68
78 547
336 206
797 79
910 662
380 287
532 140
536 199
519 580
721 317
460 167
319 876
912 790
530 477
415 877
930 451
646 860
717 777
97 640
114 350
479 106
726 57
711 303
714 529
422 254
759 35
725 511
283 132
969 933
473 822
790 693
911 663
766 913
516 77
455 275
845 217
924 314
444 215
46 135
654 326
801 658
235 58
700 359
486 969
396 33
258 30
336 802
999 5
927 312
344 577
975 593
809 409
79 27
559 301
770 20
111 682
385 50
295 531
775 773
997 693
780 157
295 480
434 774
297 879
854 881
893 981
141 678
932 695
571 81
261 417
671 234
341 659
324 455
206 807
923 973
125 173
211 220
835 98
998 402
582 733
622 350
678 540
237 836
989 757
574 733
702 406
209 291
427 244
47 583
46 878
593 207
588 489
551 247
211 131
43 932
560 266
829 209
530 430
747 956
398 390
56 89
631 314
977 951
299 68
935 441
873 614
530 449
774 867
643 738
754 163
386 585
703 238
887 93
657 962
647 261
588 94
536 961
116 585
973 532
98 206
425 6
317 16
190 774
598 131
981 121
268 756
92 784
839 984
775 533
191 696
527 818
212 242
783 420
423 128
383 128
795 122
943 34
191 777
31 548
178 88
970 204
239 833
511 44
719 459
22 809
424 232
942 366
377 200
692 383
537 592
19 745
224 341
278 118
282 125
247 663
417 722
219 554
495 905
188 871
46 125
336 778
970 975
749 962
509 317
419 13
348 125
455 827
594 901
386 350
405 482
353 785
837 47
954 269
537 483
651 295
48 240
479 699
975 294
506 775
567 120
625 943
292 586
738 646
336 330
104 822
730 534
298 666
426 343
890 976
686 521
85 690
927 993
566 35
824 574
346 142
419 726
665 274
208 163
907 611
357 270
398 320
838 818
859 245
787 57
194 433
904 214
380 327
972 3
773 62
318 802
834 60
467 701
753 180
878 284
881 200
826 699
486 162
407 182
579 897
974 730
58 836
113 311
645 278
79 750
740 660
784 582
527 790
737 634
293 140
748 998
365 746
743 277
46 191
763 443
69 230
880 253
956 34
565 223
279 335
871 433
124 794
106 893
714 124
418 657
71 553
330 357
171 939
597 673
124 905
909 805
72 820
948 829
336 633
686 105
581 125
810 214
823 208
650 550
409 876
211 312
85 884
86 535
965 496
966 587
950 76
493 495
551 700
245 906
570 83
404 407
803 715
642 599
495 327
479 962
261 155
815 804
506 620
454 644
988 580
341 798
358 852
803 553
327 287
990 613
186 557
21 989
833 303
815 491
962 77
972 355
251 254
587 66
668 159
463 525
152 891
670 565
911 821
218 412
271 394
204 927
388 342
83 534
196 799
583 925
622 829
990 929
708 19
728 208
175 223
85 317
808 346
903 683
136 741
139 518
247 569
52 569
606 96
933 400
476 349
279 226
298 670
235 238
558 886
245 441
192 315
466 438
432 362
585 820
913 765
292 206
852 262
858 839
107 313
493 342
478 672
548 110
277 591
956 411
775 945
120 171
548 253
660 459
25 900
333 153
851 292
567 711
137 322
729 896
751 327
537 245
333 106
299 166
335 748
748 102
944 160
466 540
877 766
146 670
879 80
826 332
114 234
756 653
423 206
264 685
30 308
108 972
492 435
458 751
20 362
773 340
631 416
627 470
467 791
259 611
869 332
377 518
138 940
678 802
256 575
331 85
142 95
644 229
294 938
963 553
506 68
163 812
536 533
386 644
26 431
230 903
365 872
892 496
342 529
984 86
927 369
164 352
700 274
701 71
631 778
838 480
538 182
74 117
513 883
191 170
791 58
593 855
370 879
123 858
814 248
339 216
31 246
783 775
774 748
917 753
614 421
690 397
396 256
236 583
361 368
663 322
87 291
542 529
489 101
381 79
230 963
935 578
993 821
921 16
561 9
429 345
465 348
750 583
309 259
663 544
116 819
194 581
216 949
638 920
935 672
992 378
955 796
615 440
618 492
893 54
342 292
825 846
147 310
26 101
391 707
233 795
697 132
42 76
698 999
855 239
418 494
593 68
665 599
333 705
688 464
263 666
892 80
640 403
234 774
403 495
117 959
948 81
752 626
221 913
22 738
579 834
605 779
294 982
317 47
48 812
408 976
248 527
93 805
839 255
930 825
697 546
420 159
373 921
620 494
917 962
792 953
758 100
49 716
122 266
13 105
53 856
98 371
818 450
387 905
360 566
61 494
562 21
102 218
984 767
487 749
55 240
877 414
331 872
975 3
997 583
232 735
139 189
33 914
763 904
16 192
434 627
634 754
291 343
756 1
816 246
841 773
326 719
556 232
604 252
293 819
977 470
959 322
427 53
979 512
194 984
470 885
698 472
792 29
996 197
980 926
943 387
483 379
124 127
530 910
996 451
916 373
483 200
786 809
789 594
687 539
670 335
319 679
692 387
749 174
769 910
68 958
887 32
411 901
913 315
679 276
86 368
14 461
827 650
613 609
389 599
655 332
127 221
592 420
728 213
577 16
706 692
468 167
931 521
269 914
774 945
424 197
867 379
440 354
657 489
487 90
969 303
697 792
554 627
136 552
504 226
693 944
718 541
391 161
749 933
185 762
888 439
323 644
414 365
965 670
491 586
534 34
408 134
653 432
796 790
732 111
400 538
576 894
258 664
480 296
525 758
68 103
324 393
452 198
146 921
241 494
258 954
815 950
979 540
980 835
879 63
772 923
419 757
519 254
595 620
959 503
535 443
787 318
271 977
807 131
275 18
574 666
995 419
423 186
617 373
326 578
358 853
90 31
850 705
811 85
26 775
559 124
651 748
255 584
882 930
935 172
259 663
673 389
988 648
344 269
489 804
704 844
979 216
564 89
454 833
56 368
131 382
723 760
355 284
820 370
930 782
202 137
188 484
249 242
361 1000
643 360
363 246
352 741
981 274
819 427
602 601
752 70
861 828
593 843
496 644
814 370
746 620
732 527
126 266
469 673
810 765
577 286
266 543
361 667
608 756
450 66
121 379
107 312
953 680
951 461
349 283
558 81
447 690
491 566
185 903
576 368
486 982
489 25
996 552
443 440
486 510
492 895
789 101
37 960
155 699
379 407
261 365
158 255
515 142
489 708
417 39
113 848
457 890
467 937
581 549
552 821
5 249
152 675
398 424
899 645
169 992
175 709
134 422
212 578
138 941
677 536
678 803
332 491
80 340
333 574
782 253
285 955
750 177
882 857
131 461
258 737
364 43
679 476
498 673
374 116
854 106
303 56
86 440
359 520
2 469
812 706
773 696
649 874
905 496
374 487
356 854
729 148
107 216
556 433
606 178
164 353
776 355
639 270
325 178
731 851
18 730
495 518
131 905
173 382
861 177
249 387
993 505
244 181
546 875
305 31
879 989
900 994
461 660
248 31
488 526
339 548
21 156
885 349
392 884
263 51
106 84
291 442
572 793
538 921
667 567
872 547
618 203
893 979
289 845
287 846
932 689
805 653
153 302
889 628
764 608
907 877
626 577
437 238
591 269
333 13
428 295
124 374
696 623
567 308
915 975
418 269
281 515
234 613
579 107
215 783
849 256
261 99
947 636
160 154
114 878
130 830
630 709
132 208
359 977
655 36
791 548
4 938
541 221
860 316
584 608
899 927
867 19
269 139
108 501
753 1000
971 49
476 625
867 96
958 265
942 658
191 698
729 71
657 226
986 606
952 994
283 384
433 275
179 134
934 865
343 17
41 214
226 330
154 415
600 67
620 126
714 247
435 490
205 960
413 141
118 887
28 619
827 364
805 877
495 907
810 693
103 118
585 243
433 78
124 441
219 605
440 798
530 371
595 422
488 618
811 654
918 166
997 727
283 893
305 229
414 385
460 706
741 722
922 348
851 366
197 928
914 968
747 606
667 39
732 426
971 802
110 370
2 260
299 225
251 680
627 53
276 183
594 342
304 527
155 942
764 874
747 892
916 391
367 871
388 824
941 596
503 103
233 647
626 214
906 268
394 632
802 365
877 999
694 679
113 122
204 151
77 671
151 632
322 198
711 352
114 356
26 706
800 997
87 571
218 962
916 571
81 457
832 438
795 826
781 451
840 897
503 427
937 221
811 193
61 77
616 412
175 197
350 437
631 860
715 417
933 506
348 654
295 913
117 71
598 510
586 478
897 537
130 104
460 915
724 64
926 924
12 68
365 778
24 522
230 392
631 524
577 595
838 149
637 707
429 510
358 44
215 429
810 971
797 947
84 564
146 445
271 540
336 665
499 247
119 678
730 633
535 175
254 847
368 778
519 475
613 268
702 222
669 490
928 684
765 65
201 251
15 648
841 689
842 730
202 893
685 768
444 914
194 829
927 967
548 520
510 695
938 428
259 333
426 216
997 143
506 618
74 854
756 730
596 951
597 407
246 632
892 42
68 548
995 307
942 782
797 25
233 524
125 550
939 296
279 21
808 637
420 611
147 813
313 533
460 412
69 644
672 316
334 792
9 669
563 354
40 805
386 849
79 716
779 778
155 20
304 746
729 191
982 731
344 219
697 601
596 329
889 449
139 568
670 868
605 389
481 55
559 52
193 635
771 92
330 308
496 532
794 231
577 285
460 951
745 659
296 368
337 417
407 521
249 813
927 470
309 523
44 296
326 618
994 276
689 54
598 966
16 920
718 139
55 461
803 45
710 543
289 785
785 884
989 460
193 243
996 440
299 152
873 51
964 158
509 807
224 697
484 123
198 825
752 334
419 656
938 384
475 977
52 278
454 742
881 330
794 611
167 199
881 475
700 889
189 508
786 878
313 448
764 487
602 454
472 223
878 363
471 915
222 271
649 143
762 768
999 749
411 76
213 200
588 900
554 130
265 519
307 444
383 233
679 428
312 614
387 116
687 929
65 370
526 3
1000 947
175 253
785 807
300 610
507 690
970 38
511 154
793 743
118 872
176 559
175 467
801 768
239 524
461 514
559 146
825 895
73 10
439 79
956 347
524 951
374 928
23 31
328 216
662 45
21 155
331 991
417 390
846 239
701 634
957 976
262 238
45 246
374 834
894 405
332 614
629 968
133 595
25 890
317 857
875 568
380 890
720 519
771 645
21 494
333 12
101 48
671 356
641 177
682 591
952 585
663 768
834 642
858 268
495 743
823 734
258 786
105 471
208 121
453 917
293 704
935 17
39 476
688 466
878 37
298 249
98 360
381 836
900 222
441 535
691 755
195 512
35 887
661 739
577 232
812 913
856 289
418 819
71 2
327 148
700 722
973 738
152 892
265 547
680 670
904 838
287 459
606 175
662 653
403 794
232 916
291 797
697 770
662 892
439 397
900 673
465 530
193 547
196 646
698 576
611 981
667 839
748 362
641 672
163 420
112 524
431 962
842 370
571 144
242 550
349 322
957 899
906 663
710 837
604 587
723 442
730 610
381 194
272 634
224 771
281 719
444 792
251 570
911 50
702 599
63 155
279 974
998 290
595 398
603 446
38 591
189 721
936 848
52 351
454 671
318 241
916 384
864 945
973 241
977 246
116 678
765 271
640 450
968 975
642 656
755 265
268 830
761 836
975 788
191 261
711 466
582 990
199 254
695 661
773 24
496 222
646 458
83 910
913 313
74 759
459 13
725 473
852 954
725 436
193 195
819 179
433 604
624 809
37 82
899 779
922 680
910 137
240 945
517 361
891 14
689 764
965 647
751 719
515 840
594 691
576 170
683 654
227 92
266 662
892 792
460 908
335 32
379 976
988 334
112 473
345 867
213 693
914 760
93 927
49 89
512 927
505 623
366 552
612 768
934 83
483 844
250 797
215 285
306 731
186 5
633 468
279 911
211 682
12 393
841 807
698 152
351 815
21 437
168 663
479 553
650 263
484 241
211 539
732 399
91 49
717 477
55 666
885 679
872 282
162 220
418 306
916 53
336 87
172 997
835 63
360 93
307 630
328 571
518 48
830 358
206 572
322 9
395 684
459 224
890 580
967 840
569 105
825 215
476 869
194 606
854 90
360 906
569 218
255 731
347 644
970 158
815 978
472 115
725 39
753 38
772 104
773 31
260 132
436 647
256 995
386 814
282 879
523 871
548 394
679 536
866 97
297 298
317 823
100 697
486 854
236 297
486 789
274 522
312 540
757 390
974 634
922 977
762 272
908 92
505 297
92 287
348 945
884 867
386 146
885 214
903 475
337 416
979 17
466 68
620 869
533 938
885 327
44 297
961 671
894 239
415 146
831 538
119 788
907 250
802 780
430 565
270 782
72 49
181 497
145 827
797 519
486 508
159 302
931 321
698 188
538 677
264 767
48 409
142 543
358 698
968 218
860 344
241 392
77 98
498 57
447 112
674 20
927 954
142 742
96 612
205 190
263 546
307 594
993 379
290 668
493 131
989 798
919 875
406 794
891 272
433 984
360 200
916 303
739 964
132 254
977 847
616 25
70 550
308 479
627 699
810 121
960 518
342 842
131 463
886 823
482 73
890 314
928 83
970 498
553 298
711 22
978 809
652 682
69 520
546 124
218 750
585 71
420 870
114 911
244 610
26 477
467 197
740 157
148 735
985 751
61 444
369 692
278 110
460 837
724 10
122 356
840 519
788 815
625 635
598 653
540 578
396 428
590 614
791 277
903 319
796 653
755 277
548 62
609 56
477 424
591 699
923 562
756 40
59 968
722 27
685 933
521 695
634 959
691 96
286 112
327 924
184 20
457 742
759 953
462 337
838 850
696 625
824 550
373 491
509 714
834 643
427 91
301 702
794 123
414 871
618 653
964 401
837 941
111 328
691 980
270 209
643 857
327 480
129 663
9 992
117 956
522 838
707 350
53 368
751 649
730 148
930 594
91 594
644 311
758 302
778 655
190 778
691 355
985 66
643 388
776 35
351 797
988 146
86 474
865 389
120 588
762 7
464 846
283 386
179 213
878 977
93 359
973 963
562 302
728 58
430 70
634 451
417 869
89 704
572 251
244 386
101 701
546 794
766 673
848 852
395 187
596 530
988 282
718 439
577 629
689 46
841 40
185 588
235 422
521 938
594 784
353 646
97 668
250 774
90 595
732 134
475 151
441 299
426 561
239 137
196 91
15 513
897 104
508 292
710 612
968 131
954 986
242 920
206 775
33 467
307 748
669 784
785 972
38 588
622 667
21 370
739 10
491 507
542 204
981 628
786 514
713 546
473 261
589 79
369 500
336 251
873 804
527 297
470 106
109 490
256 476
960 928
833 470
100 243
803 926
74 530
411 595
455 147
723 956
399 312
462 873
790 791
830 52
908 742
122 873
104 404
655 771
363 385
109 157
806 13
138 53
905 300
501 275
304 881
160 501
714 932
588 973
148 962
365 452
717 559
494 664
743 563
467 268
584 892
415 724
717 640
296 100
259 120
957 113
320 122
139 542
69 337
1 721
143 906
205 112
619 783
948 539
953 951
7 645
98 274
211 113
620 243
415 411
36 815
374 638
453 357
76 992
877 333
853 900
27 961
486 247
254 716
714 346
145 973
898 133
976 685
205 341
496 807
819 958
432 63
343 459
1 14
94 998
846 17
224 800
336 298
630 52
861 810
432 797
686 44
825 794
239 104
402 721
168 807
280 225
698 507
807 303
214 169
507 401
218 36
682 919
721 187
133 989
281 874
265 45
265 223
44 267
649 439
670 287
798 848
748 555
481 89
100 870
213 65
787 142
420 621
726 507
294 898
544 425
731 573
787 255
293 74
701 349
668 10
446 680
109 786
554 161
517 315
353 288
481 363
390 879
544 119
800 225
250 152
268 860
972 927
631 802
821 710
607 309
576 183
757 69
637 786
775 618
115 568
867 489
886 263
403 215
914 586
225 185
83 199
121 376
943 949
309 521
382 113
76 772
2 931
3 390
27 540
747 365
914 876
604 626
619 311
379 586
825 596
163 861
590 852
298 572
444 850
581 895
766 181
343 92
660 258
498 423
428 318
600 663
548 479
660 241
129 895
371 828
124 476
750 376
219 496
557 424
74 523
85 487
160 770
678 580
509 519
189 393
381 717
961 321
969 846
990 724
872 842
192 689
691 665
98 760
322 268
820 51
221 570
403 693
687 845
87 765
813 871
170 763
1000 550
748 188
58 888
921 702
95 295
762 992
28 380
545 590
231 295
287 465
948 445
491 58
1000 806
121 73
919 125
836 717
73 354
374 818
878 61
405 344
61 454
870 932
503 977
145 619
383 303
899 286
426 824
118 520
158 755
81 799
969 198
589 661
497 709
205 652
840 373
64 611
764 524
395 461
936 567
846 478
849 266
703 627
906 979
62 353
14 483
452 281
128 127
534 715
59 681
632 213
336 498
446 640
10 127
375 947
566 88
270 517
534 698
4 593
78 358
393 990
980 902
363 856
216 582
492 403
437 318
773 180
385 780
407 459
669 20
411 780
131 413
521 5
856 692
804 612
779 78
197 594
39 653
153 742
705 977
890 351
943 459
30 976
153 663
529 667
818 675
997 976
937 29
30 867
108 7
827 723
610 193
619 968
478 145
886 50
482 844
984 54
568 309
109 619
205 876
97 867
231 216
268 422
676 315
549 51
75 948
701 984
689 944
482 942
291 236
537 708
165 651
295 716
227 990
272 207
45 505
699 360
663 269
595 427
582 231
132 974
974 845
580 460
988 57
571 3
287 588
98 947
949 898
970 623
863 861
475 948
385 428
618 460
157 192
677 921
15 294
932 950
404 367
135 630
575 143
189 576
427 215
449 307
88 621
30 368
33 60
330 534
627 340
510 888
557 513
843 860
203 253
683 183
155 382
13 628
843 813
540 64
42 196
479 425
365 643
928 45
13 965
145 213
200 904
682 500
115 304
23 300
333 852
65 30
855 563
459 770
772 536
27 70
675 978
883 919
865 416
772 148
728 953
692 362
507 655
364 268
611 789
614 692
176 538
763 446
32 542
452 767
157 806
81 659
904 578
230 316
287 207
236 741
644 652
791 239
617 626
279 443
796 583
780 124
874 355
33 961
965 72
144 486
474 629
365 920
337 459
279 552
541 949
871 146
763 781
197 879
419 189
681 530
22 266
188 614
686 221
448 667
68 220
823 92
627 244
65 739
85 736
391 865
984 795
163 926
275 312
917 233
135 287
120 481
358 623
162 218
471 324
647 449
163 393
181 95
811 56
189 612
446 109
267 650
234 715
759 451
521 355
264 916
873 912
949 459
130 997
629 211
425 167
134 585
617 411
506 442
522 773
539 496
8 104
9 817
874 993
256 886
469 903
297 14
354 105
652 640
799 819
784 520
826 971
494 693
136 283
725 199
139 684
182 706
700 267
424 22
317 821
544 231
644 834
222 850
539 60
486 177
448 827
411 417
75 636
407 661
555 915
516 427
59 192
910 114
386 718
28 733
896 557
348 34
137 927
810 938
482 82
603 685
371 718
935 554
718 142
759 806
426 502
545 880
859 884
299 157
941 358
893 45
493 351
836 467
621 611
162 254
582 890
222 667
509 518
772 522
411 690
551 94
517 858
20 486
721 311
795 552
527 401
855 804
694 610
901 76
565 255
659 118
553 671
990 868
358 718
153 280
961 98
359 655
967 76
914 88
716 204
865 526
208 571
407 245
341 369
363 217
770 571
26 461
936 335
311 601
94 91
65 375
59 401
278 253
739 439
625 342
926 825
472 286
473 587
693 505
634 195
447 879
619 214
212 224
359 83
842 123
770 204
827 371
827 773
59 383
757 76
729 555
253 957
844 812
336 951
409 13
980 348
654 533
811 678
684 680
244 87
545 629
237 762
220 456
279 705
998 219
803 475
879 300
805 649
457 539
538 788
279 822
436 792
722 308
806 889
254 906
682 699
827 623
579 305
409 585
391 681
765 6
432 806
363 970
190 381
231 223
711 709
858 267
967 607
255 857
570 135
884 475
872 483
854 311
11 491
267 581
859 239
399 64
953 914
228 406
435 487
838 859
821 167
513 670
934 334
369 40
428 871
363 821
125 747
950 996
535 974
652 874
447 199
108 354
950 919
442 858
297 53
596 575
544 932
100 910
417 826
861 557
329 484
165 118
494 642
777 332
744 761
728 286
179 166
802 495
519 777
204 642
500 281
786 471
412 599
199 487
268 218
778 406
154 189
412 885
712 593
749 956
474 926
791 315
689 145
713 27
422 801
684 652
74 988
64 721
121 416
598 914
110 532
736 67
167 759
149 88
152 180
137 544
376 850
390 45
340 868
345 566
378 269
698 114
223 573
280 240
281 626
390 188
104 843
390 678
985 966
747 739
417 114
627 57
85 557
103 788
402 556
181 122
533 277
784 93
704 941
88 622
677 762
569 481
56 140
221 814
941 993
229 991
124 235
124 985
960 977
668 258
857 335
21 820
388 489
97 508
299 574
691 720
584 896
89 102
877 5
146 167
633 609
155 415
670 594
654 119
593 615
868 431
562 750
86 484
515 828
18 892
835 847
183 715
719 437
210 679
709 655
733 281
993 436
478 428
170 869
89 13
464 621
386 530
668 506
962 940
745 580
254 6
880 977
443 181
852 351
304 157
859 589
779 396
358 435
271 536
644 168
409 743
565 516
361 254
197 896
183 429
575 288
849 337
371 949
711 879
339 447
180 725
149 350
578 544
90 198
306 907
626 788
755 200
829 849
205 151
850 716
209 220
545 282
677 781
824 335
398 294
626 871
823 515
276 966
996 117
877 1000
711 546
103 905
416 193
200 632
304 774
133 108
707 395
981 872
755 407
973 500
768 783
97 958
452 296
313 537
811 374
884 206
62 188
65 72
506 42
587 463
395 680
69 529
431 222
108 57
772 250
905 479
189 843
506 916
917 916
187 699
938 657
669 543
719 393
296 977
357 712
359 46
360 391
364 384
888 762
117 200
637 897
174 129
235 373
533 582
625 557
560 620
797 881
118 546
11 804
859 568
951 456
699 403
516 571
386 256
46 302
249 674
70 464
519 277
277 90
686 254
873 277
44 719
662 359
849 300
600 746
813 798
295 289
129 204
846 115
775 77
211 568
803 284
695 282
686 587
689 357
987 88
932 975
224 556
172 964
780 651
584 284
582 891
568 710
750 489
143 197
492 425
842 988
627 414
316 510
403 104
811 39
688 298
172 603
750 88
410 119
590 385
942 814
782 343
668 526
859 416
199 195
420 572
312 925
701 413
8 438
964 749
184 343
592 180
773 897
209 644
892 415
341 399
967 79
19 391
995 749
153 697
467 345
605 707
307 504
607 117
891 338
245 212
523 900
856 103
397 143
485 429
994 205
390 984
447 793
535 478
204 750
525 228
174 50
446 823
271 102
692 555
16 60
273 419
537 750
693 51
475 715
966 499
21 587
561 289
480 73
950 642
894 191
344 759
509 131
310 476
827 226
149 978
261 648
962 775
67 580
709 10
103 303
675 438
34 274
586 839
823 22
534 495
862 552
846 429
22 307
7 37
286 228
327 776
242 402
517 761
572 628
206 814
190 403
561 237
871 520
481 960
879 13
130 777
78 356
688 232
636 278
12 690
375 211
746 453
530 534
911 183
643 973
91 792
733 713
664 496
683 240
542 497
891 305
69 917
413 291
130 827
275 190
302 763
905 91
694 591
290 897
645 25
973 444
729 699
148 418
256 57
622 925
717 951
125 760
443 526
958 419
304 840
564 30
947 910
255 365
950 775
990 976
776 38
243 897
433 389
917 859
311 444
226 212
834 407
156 655
194 470
892 641
649 76
519 776
991 351
903 745
524 738
265 769
18 571
149 675
596 252
743 383
150 192
619 356
35 260
988 358
787 757
862 347
131 889
996 937
312 789
959 211
735 632
258 364
957 558
836 961
399 638
233 300
909 907
179 658
491 612
132 968
866 616
153 499
683 789
569 955
987 452
884 64
221 289
963 367
985 811
881 970
73 661
612 590
439 994
220 390
704 529
962 525
870 386
564 745
713 341
347 67
719 731
781 785
997 5
410 791
678 63
950 389
128 460
480 991
561 922
11 441
4 710
591 514
6 380
925 74
733 869
769 742
221 813
302 662
603 193
930 403
866 208
293 369
705 657
977 916
541 11
635 208
503 128
52 1000
513 618
772 481
563 412
754 337
557 946
725 432
984 246
782 41
431 197
640 514
218 562
503 605
832 314
644 10
762 951
908 967
13 165
786 487
882 636
666 689
294 726
406 508
598 681
676 458
305 699
135 615
407 770
691 143
692 636
714 20
970 122
992 926
854 593
173 321
357 548
943 813
957 120
865 241
295 754
46 416
624 376
257 159
794 430
485 885
390 349
265 934
591 61
651 376
393 600
853 882
361 108
849 921
134 906
20 793
522 487
850 24
323 936
219 385
292 661
498 446
320 930
324 262
343 42
439 631
759 610
337 917
814 609
394 340
512 479
403 222
168 953
703 875
650 101
159 550
57 103
609 914
494 140
426 84
427 309
622 136
623 177
246 748
678 825
660 796
665 898
26 688
998 590
63 383
856 767
892 261
492 251
790 822
627 592
352 814
170 371
647 586
534 930
207 529
174 714
250 52
359 762
201 744
952 764
899 875
645 371
60 309
154 318
173 626
526 14
36 830
662 734
754 599
244 953
377 24
838 511
269 944
314 555
666 260
283 764
415 491
644 723
188 183
616 810
488 649
106 856
452 876
215 858
735 547
774 689
831 800
392 975
821 112
343 650
453 326
228 602
67 732
750 963
88 573
144 339
392 813
818 399
840 171
183 259
77 316
977 374
297 900
228 952
485 87
898 390
692 343
186 404
262 33
33 167
138 19
910 973
177 767
911 444
181 159
115 910
39 209
246 959
789 833
294 481
242 46
185 475
377 813
284 271
546 86
768 196
91 831
863 693
446 119
426 72
742 626
413 350
270 249
401 382
846 556
537 300
119 122
342 223
865 802
247 214
194 478
203 20
5 278
342 953
442 823
209 788
174 742
84 741
93 494
23 455
282 847
883 376
503 543
89 383
735 976
576 831
839 663
575 635
905 587
28 494
729 271
586 384
89 744
127 96
143 975
681 428
809 231
444 350
670 980
785 545
753 514
507 889
315 235
596 72
597 753
795 891
453 169
833 172
224 175
666 58
852 289
999 402
819 728
1 169
242 575
349 738
757 364
571 957
232 633
339 319
585 59
310 76
816 193
517 447
983 879
486 269
948 9
206 956
746 145
106 368
717 272
183 404
646 788
747 761
310 793
60 996
632 327
704 724
962 456
67 244
109 844
454 692
309 95
336 19
834 782
214 212
416 155
74 875
915 179
337 767
272 608
53 203
554 288
310 682
8 139
262 585
636 100
564 249
402 68
247 962
285 921
948 207
382 647
146 65
421 73
169 224
155 437
815 829
344 122
142 173
199 964
87 885
645 314
708 43
878 618
679 591
972 475
660 184
636 552
838 436
142 463
100 731
646 780
701 100
577 446
598 468
808 118
363 584
481 114
671 749
448 869
348 966
116 954
860 347
572 364
884 935
797 824
323 657
50 971
733 70
236 930
755 690
167 608
371 189
825 544
519 348
559 81
618 41
821 325
784 331
897 108
644 338
928 646
410 741
195 137
902 53
548 387
162 66
453 705
517 732
575 913
722 138
704 641
335 476
154 750
928 757
586 685
988 713
536 506
773 499
388 919
91 550
542 48
980 933
910 564
932 768
119 284
467 871
618 749
971 407
386 65
281 771
412 211
603 192
226 693
844 125
777 396
562 906
446 289
673 355
696 60
808 534
30 318
397 500
92 972
839 982
863 65
316 132
189 114
963 950
924 459
840 790
912 387
587 3
928 493
203 314
866 86
994 3
339 970
16 359
288 540
933 484
793 561
496 671
887 637
637 778
818 932
529 31
639 204
876 242
432 326
710 105
452 777
617 340
788 995
951 369
866 811
277 324
318 854
733 57
862 711
844 886
650 607
462 209
634 686
359 935
339 262
489 149
487 646
415 165
803 971
496 859
11 24
181 408
44 430
241 994
519 320
977 265
375 598
755 450
556 203
426 416
707 817
543 479
293 976
771 704
186 352
539 609
371 804
281 588
161 166
342 165
767 642
510 697
591 624
224 514
151 549
191 70
967 545
109 313
958 828
651 660
467 258
713 986
976 11
631 325
483 237
925 478
821 157
968 639
714 293
330 664
96 810
464 718
35 933
307 136
75 420
41 591
299 540
339 539
948 135
877 231
770 675
53 549
919 262
44 956
189 37
36 680
109 782
95 207
957 32
404 329
589 599
1000 605
819 3
93 314
419 163
618 24
923 225
148 704
679 740
519 851
41 784
169 363
117 37
10 801
283 767
446 793
874 34
602 979
166 648
975 162
57 975
84 769
537 641
477 302
615 968
563 853
432 497
676 92
426 723
297 745
746 920
429 476
384 227
459 898
139 75
275 635
920 324
297 907
779 59
391 817
710 529
306 843
728 377
42 549
632 189
389 272
390 235
873 53
569 716
436 153
555 481
459 468
356 84
666 982
517 933
185 68
924 937
394 472
547 658
640 16
432 746
352 605
772 644
898 971
21 904
481 975
423 804
192 518
925 631
48 986
711 401
288 41
570 947
735 287
593 370
317 402
891 117
857 133
929 784
289 433
471 937
296 371
42 155
4 155
668 251
709 769
948 155
553 301
112 88
23 337
356 718
31 698
801 591
621 198
288 409
143 552
22 939
793 375
306 118
89 382
363 107
71 314
184 550
524 760
373 62
469 497
645 520
226 272
356 851
601 324
196 680
328 837
280 579
476 467
227 934
28 653
175 590
127 833
427 517
282 256
619 489
234 25
928 925
358 494
31 28
471 197
914 844
2 818
811 552
59 975
496 867
561 1
689 84
874 88
71 924
220 378
2 677
702 722
538 787
996 459
600 712
985 894
358 712
345 390
292 686
662 804
779 180
877 585
876 924
683 982
545 343
376 646
431 638
159 559
91 237
773 303
740 214
561 973
800 643
600 917
570 885
73 827
526 536
893 385
971 379
761 803
652 918
229 521
716 13
790 780
661 636
739 884
117 552
282 543
998 983
962 360
515 551
592 146
773 995
605 692
660 555
574 145
298 404
781 297
839 247
363 198
153 516
6 710
400 219
219 369
783 589
291 771
511 164
980 193
987 314
776 405
91 865
753 557
827 802
75 569
149 786
116 347
207 12
211 457
249 894
469 769
573 395
940 658
150 279
692 730
963 448
28 951
270 856
381 107
129 104
21 42
719 903
758 683
858 352
177 292
250 882
36 489
674 800
101 205
394 47
713 459
56 962
756 303
397 845
234 561
396 864
578 586
601 667
410 900
214 134
256 290
422 371
873 815
881 276
366 428
688 500
262 667
503 237
655 144
731 310
659 213
825 189
184 51
994 732
69 792
711 345
804 845
87 579
824 3
240 378
320 290
854 163
732 235
974 887
259 321
575 335
836 584
266 685
35 742
947 812
790 522
312 693
686 171
305 668
680 864
18 891
183 599
882 634
957 396
593 71
706 652
446 915
995 245
184 734
444 144
832 31
684 958
187 382
188 173
981 938
457 148
24 529
405 412
819 738
839 543
618 235
651 968
903 258
756 861
249 651
272 446
220 28
370 401
261 718
44 210
119 782
694 268
620 541
513 381
72 27
915 705
292 512
982 62
606 418
63 967
717 326
185 845
862 881
759 975
617 946
335 531
85 748
936 596
784 455
343 36
789 954
716 873
673 849
855 73
345 384
110 128
94 773
119 370
930 211
933 656
453 966
241 192
313 761
975 833
321 296
33 220
678 684
989 933
920 852
820 324
564 259
964 613
626 68
931 347
989 982
242 381
502 907
319 707
289 404
734 742
438 707
916 631
78 798
118 6
257 312
611 454
705 925
423 758
783 374
815 65
2 598
507 574
258 238
170 546
209 968
908 884
981 282
657 60
884 587
443 903
960 107
889 443
174 21
568 608
474 819
382 152
3 239
795 347
210 793
83 93
410 247
302 151
328 340
827 874
809 427
3 380
228 287
996 867
635 687
227 794
525 479
528 461
325 393
419 204
756 163
120 69
118 592
232 543
568 813
555 693
186 176
519 18
928 993
824 818
128 249
382 340
280 36
245 964
673 531
820 678
43 255
822 124
368 813
220 262
869 191
910 979
287 624
972 696
650 436
742 790
564 594
972 783
423 193
815 707
552 829
882 28
21 550
207 947
774 33
618 546
986 14
215 720
695 682
942 813
941 806
856 558
360 861
14 192
270 110
22 735
77 672
874 958
626 507
274 420
132 26
320 362
602 368
544 136
190 739
227 378
669 591
302 136
726 292
60 74
870 639
762 92
139 605
326 141
711 560
117 56
534 922
32 602
140 976
611 527
978 502
118 525
266 906
379 783
675 298
750 882
624 386
573 293
438 132
721 536
224 16
496 789
150 264
776 679
337 279
466 181
853 839
693 658
15 954
107 685
436 621
810 906
119 758
763 934
280 274
225 555
428 136
450 496
863 868
590 36
941 326
564 647
671 365
360 509
180 648
562 211
94 818
150 692
172 788
428 430
802 127
825 966
384 780
848 481
833 595
650 59
318 389
467 845
512 8
695 537
437 313
441 830
207 919
166 852
523 392
911 33
56 99
906 483
907 902
45 29
142 913
643 748
765 567
731 715
697 335
611 433
39 648
51 266
372 14
621 24
520 382
770 616
19 420
173 192
44 901
123 466
874 843
888 1000
425 814
155 213
503 765
969 681
708 277
739 307
98 409
232 923
50 20
970 719
348 849
918 493
656 188
583 275
839 933
554 535
629 113
781 612
373 307
28 658
453 139
112 515
922 130
917 397
538 82
290 183
546 617
139 5
196 50
417 443
845 923
387 960
439 846
133 559
443 395
637 281
530 949
215 231
680 398
730 540
475 907
758 700
538 743
172 873
233 523
271 855
589 248
241 330
96 435
595 603
414 837
497 177
679 511
579 79
636 420
503 127
582 838
324 594
330 531
217 208
907 525
788 281
623 271
950 597
682 740
646 306
316 561
668 286
450 779
846 661
868 373
155 482
46 566
122 883
194 260
507 823
400 395
725 834
657 821
145 89
536 598
919 365
9 762
251 443
969 756
221 287
792 879
814 492
529 643
970 22
257 577
496 657
848 710
723 946
619 773
356 997
31 915
406 464
426 987
339 42
512 840
106 867
876 259
628 748
40 397
873 29
157 714
92 417
455 785
828 365
748 49
7 72
447 641
505 624
235 427
831 751
923 752
750 917
196 436
936 613
426 543
979 713
306 57
983 785
253 52
626 558
333 124
262 56
473 536
998 449
765 458
8 721
885 849
545 286
910 534
694 889
734 826
510 782
186 576
226 629
925 43
103 901
548 790
181 971
333 884
945 470
534 833
722 545
635 768
484 828
269 408
968 609
678 415
86 870
366 312
539 582
759 419
27 362
69 763
711 316
915 459
532 4
775 237
485 807
786 36
515 638
778 960
361 838
401 171
469 275
774 819
666 609
938 778
932 241
635 332
670 733
311 481
994 37
79 837
977 159
374 259
503 677
895 231
917 513
439 349
222 855
908 196
931 701
623 965
554 604
995 642
795 346
524 820
763 718
766 739
309 994
24 622
41 560
463 361
70 325
208 970
954 344
771 866
439 144
847 23
581 71
193 782
856 614
81 813
154 915
963 842
965 329
987 257
58 119
24 443
281 268
323 905
267 894
968 193
755 59
59 752
172 817
790 7
312 212
954 783
169 717
841 926
63 41
321 410
677 813
678 638
776 753
38 793
350 543
422 440
781 895
363 656
470 404
753 264
990 591
783 939
591 884
460 218
562 878
235 602
986 190
825 244
124 239
868 190
772 278
193 98
839 495
587 286
95 15
886 782
35 720
576 604
35 673
71 167
990 907
57 685
496 507
848 608
903 880
890 39
304 654
31 565
896 962
18 832
644 924
991 359
740 948
763 637
891 544
430 156
252 672
19 839
154 162
799 342
107 398
73 50
419 26
934 687
443 128
797 849
871 64
672 922
140 928
499 409
944 314
46 334
158 163
654 649
992 22
519 373
296 525
940 974
48 94
818 430
253 11
950 147
309 265
612 598
115 86
868 568
312 731
160 727
379 477
324 458
72 419
110 351
936 716
974 388
354 789
471 161
797 661
929 261
717 414
55 294
315 630
160 506
910 607
418 373
693 947
542 106
712 369
532 196
440 20
574 859
90 476
697 108
165 398
57 781
259 585
632 663
706 226
667 328
520 354
610 795
585 367
686 417
503 297
714 568
786 221
724 604
757 582
479 448
301 723
857 911
593 638
867 107
62 459
28 303
982 680
348 524
294 686
278 291
960 438
340 24
293 829
316 449
174 995
891 607
914 490
662 884
573 167
649 623
500 149
248 358
429 239
408 851
109 933
589 849
109 647
187 453
461 734
23 827
802 762
14 938
970 804
384 399
63 719
50 966
215 384
565 705
519 712
166 944
139 4
547 131
965 368
733 244
92 252
607 719
556 339
439 841
975 299
730 618
529 525
254 856
232 374
936 680
59 715
746 259
414 827
660 183
309 15
663 828
561 926
122 700
764 867
693 169
919 997
294 300
578 763
74 906
851 802
393 222
693 75
574 966
242 343
807 836
99 51
32 104
506 19
911 986
550 174
240 203
458 158
665 644
668 61
762 832
47 160
305 513
348 609
644 54
807 682
166 310
430 395
255 402
348 528
717 697
773 743
117 806
726 713
416 580
770 879
611 795
919 50
112 394
736 145
710 221
13 387
236 332
164 49
260 748
314 407
103 60
560 581
577 697
962 937
559 320
283 562
533 926
258 463
330 507
439 143
956 283
334 483
444 615
913 552
453 511
55 95
976 676
991 883
432 54
612 927
168 752
392 644
928 151
176 43
529 745
200 161
901 525
99 949
627 736
30 37
768 149
54 191
528 470
507 313
694 975
124 943
77 967
423 223
800 606
450 219
252 83
716 738
393 105
33 210
109 594
5 89
616 37
797 16
191 289
982 20
345 209
80 354
890 447
748 945
821 779
324 853
700 588
352 802
96 924
540 933
9 577
913 761
964 773
624 766
911 830
127 389
971 99
865 740
957 204
99 188
136 434
321 874
88 907
929 619
383 252
259 460
540 75
909 442
490 754
351 995
799 607
197 265
696 424
944 930
235 728
818 139
715 725
519 989
866 859
170 834
193 739
693 922
505 305
274 883
241 753
979 25
227 796
139 366
215 267
345 949
275 926
131 706
192 468
291 392
845 977
337 148
788 343
625 915
846 453
388 677
650 336
44 71
637 448
965 473
737 426
354 782
150 575
395 450
375 932
466 896
809 867
901 754
349 981
9 266
764 820
106 672
345 482
181 12
366 8
964 421
38 798
720 193
207 957
595 643
322 101
530 446
358 298
117 928
318 201
801 241
325 723
520 120
458 500
222 357
706 14
873 519
929 789
804 903
363 433
938 973
208 674
652 621
783 346
260 864
635 506
726 791
342 556
26 458
134 91
944 864
411 357
641 114
391 428
776 140
605 480
400 1
4 387
44 592
46 2
303 657
822 611
951 261
697 862
992 858
465 702
805 960
975 595
791 301
337 388
210 906
83 232
512 928
129 400
97 260
903 324
64 715
319 397
396 650
755 843
421 809
851 348
231 710
271 607
275 664
573 921
323 100
849 156
371 880
246 876
409 595
587 986
554 962
327 549
384 927
938 474
665 258
3 935
885 871
884 415
925 240
