1000 9893
67 248
915 838
938 365
702 386
298 972
445 597
742 899
700 397
521 300
194 28
855 849
473 467
82 201
798 659
948 36
53 376
511 668
701 991
904 130
230 892
303 128
431 447
877 27
421 117
558 654
299 601
265 729
48 807
477 830
353 496
796 182
523 854
879 195
160 589
715 256
636 548
984 61
126 622
770 904
130 491
829 171
351 571
550 684
568 683
715 268
2 209
184 692
297 507
966 390
183 899
25 481
443 62
80 916
598 647
672 584
819 651
16 172
864 288
75 651
81 586
887 933
418 867
847 206
297 806
745 396
836 861
418 978
291 320
898 296
958 712
464 320
607 863
521 652
670 272
189 774
646 371
216 924
893 126
59 714
996 377
817 410
485 252
694 992
56 948
275 402
683 369
742 988
121 998
555 187
792 151
299 600
674 199
397 556
440 49
280 474
262 670
925 502
304 249
412 47
730 94
678 790
203 242
459 76
118 451
458 463
542 353
749 163
848 187
114 666
422 163
479 406
407 341
284 128
583 796
610 922
630 473
172 491
213 151
312 696
469 904
61 67
852 818
374 394
322 529
397 65
94 21
440 942
779 873
908 851
3 103
278 191
10 777
306 140
182 539
843 511
809 291
366 977
67 969
267 315
474 973
314 882
429 99
286 500
415 16
213 45
776 658
46 276
547 209
673 699
295 463
297 770
779 386
928 984
466 891
999 295
845 957
558 290
135 439
543 74
780 808
750 955
125 7
132 719
480 658
285 503
413 162
328 838
737 510
209 69
561 808
263 416
466 556
506 513
413 83
15 259
107 802
630 974
884 490
65 518
950 277
203 944
461 504
47 515
30 343
877 816
440 205
792 354
925 474
912 807
35 984
198 516
234 837
143 397
695 752
303 467
820 343
48 897
982 388
765 524
892 790
756 881
374 244
201 514
398 868
881 224
133 775
261 74
70 876
127 277
112 50
554 169
368 140
229 62
377 413
312 417
95 344
745 671
969 359
700 497
319 544
277 416
683 741
351 627
118 794
28 566
455 977
810 736
317 528
766 737
892 932
291 173
662 940
499 270
745 554
304 288
512 965
440 992
872 931
101 479
659 775
102 766
234 195
770 295
75 988
375 566
322 422
51 996
965 472
548 368
383 887
349 931
798 248
108 802
661 160
649 541
99 545
890 796
962 481
11 375
582 738
896 31
440 395
773 311
427 135
856 787
177 988
677 811
626 133
384 722
976 92
851 876
517 835
117 943
246 717
686 926
639 878
727 113
342 208
58 633
853 204
963 644
30 621
15 219
825 363
772 422
646 395
852 916
339 571
307 25
643 403
551 266
80 621
639 158
887 402
925 625
37 17
973 837
44 819
174 858
691 44
286 880
412 731
14 259
951 614
274 724
128 331
460 751
996 634
309 802
718 646
790 275
406 40
449 285
600 225
66 709
611 931
628 650
300 890
486 85
453 148
148 454
865 60
645 790
373 461
84 656
72 888
879 599
970 657
440 862
462 13
524 56
907 128
637 641
452 99
860 96
823 108
106 490
660 447
862 957
96 332
334 250
120 322
301 915
52 112
457 749
538 654
152 125
834 617
979 624
121 856
485 199
785 991
146 615
293 916
501 849
214 382
255 838
208 67
940 268
264 885
726 261
121 954
929 101
741 200
337 754
86 23
507 206
694 726
57 787
561 675
798 656
877 905
243 459
847 849
248 106
115 816
301 160
924 77
680 761
929 885
722 920
402 178
69 467
821 612
921 610
849 320
80 728
101 962
136 730
528 588
377 106
620 482
801 728
17 201
827 600
79 368
611 225
614 640
481 4
581 473
47 349
620 113
162 953
291 775
588 535
662 778
663 39
222 813
980 153
853 661
508 682
14 569
254 386
311 201
957 695
262 277
671 889
643 828
913 689
803 882
738 454
79 194
174 306
750 781
804 173
992 69
599 632
232 602
656 492
508 732
387 820
746 111
451 137
976 984
115 52
43 307
816 113
492 698
328 811
185 166
538 738
299 218
319 23
410 785
858 327
507 287
492 713
259 888
314 501
337 828
156 400
428 397
485 332
289 49
308 203
973 231
138 822
971 394
536 157
869 295
198 537
143 424
420 739
960 552
762 620
464 743
446 624
964 668
142 227
899 996
850 114
136 408
819 189
696 176
936 383
221 747
837 710
278 338
191 707
278 454
204 590
408 679
539 247
635 274
840 874
785 31
235 96
31 521
403 832
631 710
706 571
643 22
37 267
796 552
121 850
196 748
433 22
658 969
353 991
972 657
304 261
620 891
932 399
194 815
562 188
943 521
68 181
822 330
93 774
210 226
931 516
185 992
738 716
81 855
599 653
765 229
881 1000
879 365
111 983
246 826
542 887
335 543
768 976
774 154
20 427
483 421
566 24
234 529
38 609
419 737
497 193
65 517
75 993
927 601
897 414
39 9
575 171
29 19
364 646
275 143
447 963
688 404
318 211
912 792
985 374
989 978
995 141
523 546
591 947
899 960
298 473
299 928
794 135
765 877
255 232
443 701
83 658
619 964
965 720
952 933
19 590
97 818
169 477
852 198
930 996
382 781
425 756
31 880
946 785
272 165
852 420
637 922
638 429
932 92
366 709
685 260
634 348
562 209
301 123
283 528
140 959
824 984
47 561
478 685
542 120
28 836
379 724
949 544
435 890
20 852
921 7
79 299
779 417
263 80
250 839
785 720
598 708
958 184
441 219
439 544
183 43
503 896
929 382
920 103
25 901
890 797
392 384
873 896
780 563
431 609
9 79
769 262
574 723
430 863
439 710
950 758
167 248
740 142
423 850
411 650
859 264
207 812
592 40
854 13
472 827
218 291
551 39
611 264
836 828
34 625
294 935
541 382
925 735
948 352
986 991
368 90
978 799
777 344
174 744
321 884
704 353
696 360
359 522
865 631
942 749
269 286
253 738
507 734
923 192
616 622
47 440
362 298
328 406
199 653
40 42
130 612
459 544
740 951
655 604
690 92
159 211
549 151
93 59
405 367
776 589
887 977
717 690
710 938
657 318
606 648
628 295
330 430
999 392
452 989
811 670
99 786
84 512
486 180
659 802
34 575
261 514
393 666
932 677
279 846
618 78
285 269
510 536
595 978
445 711
997 848
104 855
837 625
750 690
581 900
113 671
223 598
115 121
669 344
467 992
232 59
434 454
90 185
915 360
912 616
759 218
850 655
1000 32
802 490
821 62
757 878
646 187
725 722
933 549
648 939
248 975
138 629
969 785
799 782
811 294
155 282
40 377
695 936
114 711
878 765
735 28
386 893
342 590
240 896
682 315
922 714
635 265
249 182
771 755
930 957
445 287
532 857
59 437
689 606
41 851
210 842
767 114
496 260
899 468
187 454
201 875
291 519
329 318
913 688
515 132
809 487
10 452
176 804
262 991
180 820
866 15
576 261
7 497
817 45
159 202
487 745
910 923
239 376
573 616
12 754
317 837
486 291
290 22
275 694
171 377
820 666
396 910
238 307
628 255
573 842
150 741
688 60
617 106
335 683
543 374
102 738
341 554
859 37
418 293
293 951
24 148
298 799
713 663
713 552
147 206
631 462
850 627
320 746
817 634
416 293
146 362
720 139
403 425
787 15
751 838
735 461
419 947
938 97
42 58
920 679
782 278
285 966
507 858
385 912
406 570
602 389
216 248
89 110
416 778
204 873
502 66
5 924
749 451
537 883
616 743
944 859
564 428
783 398
221 283
882 631
520 206
293 727
207 344
523 965
50 421
268 492
714 140
625 479
933 494
681 93
738 22
421 730
922 849
269 790
897 533
201 928
952 744
97 247
723 807
425 552
83 68
748 306
969 427
774 716
796 600
823 177
550 587
865 123
68 517
118 585
968 380
127 661
757 302
885 281
284 894
323 768
430 548
71 978
202 911
971 877
698 175
759 970
299 168
410 707
927 826
381 364
682 635
220 686
389 439
986 277
162 211
185 50
702 457
868 977
560 482
763 840
267 564
290 655
55 909
424 933
21 525
869 656
565 960
697 56
424 564
811 64
388 151
925 472
605 932
498 988
61 786
804 129
817 832
325 653
752 439
131 476
740 344
173 841
85 13
14 11
914 109
412 428
227 500
799 826
286 907
639 571
530 29
325 943
821 554
861 621
553 324
682 352
593 955
795 958
260 941
779 919
482 781
959 749
528 661
829 275
865 308
905 673
947 282
210 786
301 489
267 345
384 475
2 6
535 144
719 183
376 69
598 944
269 540
978 414
799 156
435 893
666 195
709 175
512 741
710 760
417 359
660 421
401 86
457 614
78 118
707 898
711 954
586 525
716 972
449 551
581 758
820 594
622 482
612 668
252 3
586 751
402 806
519 411
474 180
280 485
513 649
860 736
87 688
191 326
514 969
96 972
26 671
264 8
742 197
235 751
108 375
890 321
252 566
704 626
972 351
518 599
667 267
99 221
800 168
839 9
606 300
221 722
424 108
776 129
596 258
286 886
715 404
473 545
917 944
900 290
540 217
965 836
382 814
398 531
295 845
496 733
244 779
748 491
849 836
723 223
68 488
268 154
956 367
150 146
614 343
391 220
672 926
233 312
125 378
737 120
611 643
455 664
138 333
301 239
34 298
613 406
459 605
671 74
122 468
272 792
30 437
628 117
663 566
169 652
90 192
519 23
193 425
44 674
768 921
534 688
169 668
737 753
703 859
447 153
656 590
627 469
406 834
593 565
28 459
190 245
599 11
752 642
290 695
419 777
369 86
906 285
310 958
72 555
267 717
133 927
492 171
834 90
818 631
88 808
587 318
606 494
278 453
733 357
193 243
36 671
200 997
476 582
527 771
392 664
757 868
710 346
359 790
970 255
740 965
173 452
639 209
128 715
526 548
352 297
888 715
481 139
5 213
712 537
896 704
791 221
746 824
252 451
487 266
681 659
663 263
277 184
244 13
335 886
562 150
949 758
827 6
765 709
560 955
779 411
546 610
429 286
675 90
716 822
953 604
885 437
154 983
450 446
15 522
675 382
765 176
289 981
876 879
258 393
264 565
172 870
923 934
121 890
964 218
379 362
259 890
591 613
227 170
959 449
137 410
357 319
803 685
915 871
863 613
543 663
473 387
78 649
792 265
81 326
778 356
359 923
566 463
95 941
596 646
553 638
765 613
108 296
878 444
146 13
169 180
316 407
414 353
749 49
161 584
143 328
956 653
725 440
691 328
506 142
680 727
454 230
476 554
317 182
395 532
433 473
340 120
93 320
899 21
577 403
80 853
463 114
763 584
268 124
329 122
222 783
975 215
520 645
563 977
79 346
836 926
943 922
750 896
639 43
606 800
737 55
828 362
74 953
851 59
934 538
12 351
862 260
42 790
175 866
9 861
641 442
346 416
823 86
970 550
275 612
440 59
828 584
715 136
957 812
727 442
103 508
474 268
974 81
699 121
393 802
971 765
383 813
849 217
704 740
285 101
802 49
663 860
53 106
860 622
205 491
777 870
200 609
862 247
369 521
542 305
191 301
271 758
549 603
234 832
952 107
518 334
316 978
118 290
78 172
527 52
507 889
381 768
535 521
596 521
962 515
29 420
268 732
964 769
918 24
959 631
971 103
130 541
147 681
259 419
795 789
327 920
175 127
100 329
139 678
545 959
457 463
918 332
169 451
283 327
502 329
572 199
113 559
499 114
886 483
75 880
946 12
766 661
606 994
199 568
171 887
631 597
562 124
381 373
982 801
162 622
804 1
418 708
862 283
166 786
938 501
427 687
874 220
379 726
894 27
917 448
242 610
258 735
280 955
138 313
818 391
124 642
516 834
16 764
577 852
828 862
637 476
340 822
401 810
385 369
884 299
290 462
441 74
578 541
261 351
720 310
114 29
974 335
637 175
855 216
56 222
20 377
991 658
419 295
795 693
526 519
88 559
730 98
949 388
643 873
860 737
440 236
93 130
596 847
958 82
62 103
658 514
895 765
90 372
181 859
19 176
973 399
885 102
839 490
476 716
437 626
97 513
459 998
209 755
216 177
605 681
769 881
648 126
998 613
800 508
866 166
739 396
995 790
155 207
247 637
52 637
236 498
457 491
221 322
386 953
442 336
758 107
763 387
965 835
508 786
273 265
644 808
500 190
961 932
391 313
468 36
729 384
587 609
295 733
685 469
227 943
267 324
309 961
789 471
408 302
392 915
841 56
227 981
550 912
422 819
24 766
520 707
372 150
779 382
374 812
379 754
551 161
271 554
699 39
917 484
132 876
685 576
499 13
599 710
525 735
488 794
863 94
625 947
475 52
702 725
884 152
906 966
210 315
50 656
471 32
458 961
846 84
543 412
266 456
342 311
24 186
354 641
167 375
854 722
786 530
125 814
497 143
122 532
673 140
323 279
555 224
527 334
80 380
747 940
108 694
987 355
419 921
423 961
62 3
579 850
808 659
792 460
901 150
497 431
264 37
375 377
820 26
632 890
258 266
799 765
790 464
255 74
610 71
538 408
580 883
527 544
435 504
893 782
278 6
214 896
340 315
748 456
552 99
37 485
854 187
982 873
580 90
913 694
349 292
25 406
617 556
148 301
909 957
867 776
840 156
163 177
680 485
333 193
997 810
64 602
710 705
380 828
785 670
769 49
872 910
936 542
149 223
78 175
479 664
298 650
64 888
677 910
694 996
931 402
716 612
171 25
190 263
394 264
768 21
551 826
275 7
424 971
152 378
527 317
444 874
276 923
974 96
547 544
640 334
26 394
596 647
959 823
772 490
522 753
946 549
599 509
69 547
350 20
559 192
463 863
374 398
526 59
433 472
199 853
184 630
440 338
451 8
767 306
628 980
496 663
960 6
943 839
2 177
850 461
957 359
260 745
710 97
571 493
899 306
437 149
139 377
412 190
505 26
594 857
185 223
858 738
859 583
434 518
666 237
45 160
709 201
983 958
340 940
396 590
879 761
534 428
276 404
370 283
498 292
297 919
38 698
515 950
926 469
177 714
614 655
152 440
924 558
980 850
142 535
404 671
111 182
955 537
601 304
108 984
717 50
332 16
958 804
427 300
366 9
964 477
488 302
640 443
949 431
843 740
492 462
954 599
208 925
706 180
981 894
322 141
786 892
473 15
934 396
847 869
829 698
8 388
475 857
621 440
318 492
265 224
901 238
891 990
235 658
776 24
909 292
69 519
506 163
605 757
365 412
826 990
991 504
829 13
446 551
696 318
643 345
455 687
499 583
837 923
190 552
107 743
785 248
14 730
400 26
808 167
184 641
41 792
120 767
410 79
16 458
940 563
826 492
887 974
600 184
709 506
340 371
421 990
513 432
533 957
353 873
392 839
747 345
590 817
691 550
496 895
543 133
410 515
619 291
894 107
72 62
537 84
354 920
208 317
320 903
525 924
129 843
321 483
391 719
824 390
664 111
612 365
168 926
725 586
321 412
394 448
776 52
199 407
881 324
989 785
591 717
51 420
603 147
593 275
756 947
331 772
752 582
920 550
82 130
317 426
908 723
360 979
680 626
7 731
592 174
260 222
139 999
191 550
506 84
679 461
443 621
460 517
703 475
173 572
302 288
503 609
936 77
84 399
4 362
135 640
691 48
175 131
217 441
961 778
710 143
705 269
866 514
66 705
343 579
951 256
559 335
268 148
1 311
789 470
917 257
315 83
957 512
589 649
645 931
480 385
334 476
928 917
853 832
784 201
489 85
805 557
349 737
557 60
686 288
232 497
180 625
822 416
695 82
534 340
556 244
150 621
984 815
16 513
492 850
992 266
668 845
471 794
111 905
405 514
486 297
156 392
375 820
17 982
289 41
492 624
328 529
351 319
47 205
998 530
548 709
21 579
316 693
803 913
129 738
192 634
464 767
106 20
878 422
572 493
60 545
170 417
378 204
160 119
830 148
464 541
28 182
632 170
434 253
353 209
969 705
790 465
539 211
339 825
966 246
605 430
680 795
992 541
667 55
887 656
999 890
508 823
106 886
162 548
728 805
250 553
415 59
22 869
558 41
796 742
380 607
896 480
71 858
383 580
497 669
469 544
229 302
121 429
249 608
569 961
181 395
841 821
219 249
833 869
558 378
742 247
475 874
293 803
475 896
167 932
172 864
588 726
719 594
100 386
964 363
660 44
293 517
886 652
522 13
731 401
110 173
664 470
494 361
540 697
512 99
704 983
134 462
483 248
178 598
129 718
904 212
9 944
651 577
565 139
74 662
670 462
104 385
692 2
948 180
787 238
934 67
637 974
338 690
834 303
123 284
718 945
86 938
166 296
231 274
13 219
776 347
373 77
264 399
818 970
946 151
237 835
291 854
168 43
61 419
903 711
886 389
541 758
443 992
889 16
211 124
451 557
748 301
823 285
93 96
547 590
466 82
656 46
698 985
974 896
147 622
900 937
707 653
154 791
785 607
185 635
257 6
520 668
941 84
870 122
945 913
668 919
128 523
979 718
270 687
103 98
953 495
738 699
578 900
16 585
148 62
963 83
399 239
384 860
175 540
280 285
299 75
471 713
123 92
460 94
484 852
982 191
488 303
241 73
621 257
192 563
269 401
4 962
932 454
800 929
635 531
164 520
476 746
829 298
665 825
977 639
264 254
359 671
520 399
282 974
729 31
936 351
443 689
596 489
282 881
999 988
748 220
702 921
610 157
424 368
192 110
502 335
620 38
993 184
883 748
754 732
993 380
576 132
28 563
31 892
16 459
219 756
1 441
952 647
118 576
274 911
810 749
545 184
468 425
912 19
809 403
921 233
785 959
637 519
965 16
474 605
183 119
760 174
230 558
524 17
672 996
489 120
785 571
128 834
774 457
331 945
372 291
46 676
756 73
971 911
198 586
432 167
289 802
162 16
290 93
515 497
368 805
2 585
719 756
522 272
872 725
559 863
565 670
803 265
57 431
137 327
963 79
765 487
841 559
882 133
310 954
846 792
265 235
637 173
753 432
20 379
919 889
613 900
940 436
906 356
342 122
221 875
365 448
9 127
330 677
606 497
368 824
311 655
521 101
522 694
873 666
378 24
643 406
915 349
165 70
169 3
199 875
735 949
944 870
635 353
227 913
763 264
761 315
210 723
356 981
909 41
18 714
9 468
562 399
49 288
191 997
196 657
876 307
272 65
678 505
6 662
46 921
322 999
306 288
426 813
10 556
399 754
847 240
478 653
414 405
290 159
54 940
347 869
94 817
681 949
729 834
676 863
695 173
861 325
129 180
224 886
833 920
119 639
361 679
384 236
324 305
987 147
720 502
332 996
579 317
798 217
752 935
158 203
252 34
401 566
77 905
703 981
907 720
90 52
608 441
590 377
739 897
100 205
821 539
342 134
942 849
859 409
956 629
556 607
619 230
709 859
216 224
8 747
473 247
297 33
999 518
69 589
394 825
217 250
723 576
193 353
302 317
827 750
865 407
297 195
563 216
732 673
610 571
369 753
577 436
80 876
737 846
631 599
206 443
5 820
905 766
789 101
291 155
199 514
705 409
724 163
598 716
510 124
560 263
378 555
905 984
20 319
215 409
14 860
537 497
278 721
164 856
409 870
528 395
410 457
570 967
884 79
557 31
35 237
441 166
207 858
825 776
115 424
29 1000
17 800
676 593
346 156
369 277
600 296
860 389
589 65
184 192
350 591
665 657
557 483
123 211
198 643
90 8
329 880
950 690
761 853
445 826
891 214
747 906
142 970
96 792
759 471
402 100
469 37
247 573
863 405
648 218
449 217
123 430
434 271
214 886
610 916
352 908
451 320
886 841
118 231
160 259
625 241
939 619
986 514
238 687
867 285
61 206
987 960
428 91
865 300
829 201
888 635
187 202
412 911
676 332
605 290
978 660
460 899
70 198
534 209
115 987
442 297
957 726
520 696
999 127
440 970
865 127
404 877
171 554
357 779
529 960
309 680
680 308
202 568
497 696
525 660
529 593
346 431
205 472
722 66
529 738
234 376
751 317
789 80
671 156
640 224
659 572
181 128
203 584
177 302
3 852
65 623
889 685
343 172
73 920
113 859
186 729
958 859
744 323
450 395
750 473
436 97
309 157
4 685
759 661
150 999
88 598
341 812
455 212
962 40
981 892
947 644
855 791
126 925
821 227
569 122
572 468
919 570
522 560
806 979
137 230
284 115
268 584
711 308
969 813
380 484
99 169
931 335
381 156
190 893
374 206
431 125
623 521
331 185
518 623
433 617
566 891
757 955
863 175
762 990
567 699
668 861
347 75
993 258
335 503
799 538
884 604
701 930
829 237
317 953
563 897
361 761
216 857
672 519
68 496
675 680
359 179
111 562
572 32
685 383
258 949
728 798
35 86
772 984
344 662
58 396
885 505
262 242
46 677
671 315
840 214
970 601
495 38
817 250
287 408
807 483
701 127
281 389
279 918
67 116
855 503
86 689
487 787
384 906
60 987
774 123
189 697
461 180
209 155
742 783
891 451
547 783
295 957
642 521
938 368
884 468
333 378
411 528
11 385
824 375
588 762
751 932
323 371
156 324
929 972
622 179
792 324
167 324
540 738
172 734
856 567
48 980
601 286
843 466
646 498
858 193
507 774
719 335
494 512
441 628
787 327
852 914
85 45
302 96
568 457
813 857
282 803
910 161
1 841
57 784
614 783
544 161
981 340
416 532
398 612
740 557
559 107
981 453
50 105
913 941
552 251
593 79
701 966
596 236
135 928
339 54
193 599
601 338
140 122
287 229
163 299
934 596
433 13
802 750
951 435
679 992
940 672
590 573
996 671
547 239
986 22
551 719
92 16
514 203
441 280
926 574
365 59
258 593
557 75
741 318
431 802
502 795
150 722
137 273
447 52
124 391
497 819
538 571
632 338
760 647
501 859
526 708
432 930
871 772
171 79
1000 37
394 482
521 341
298 70
778 332
303 427
915 45
494 450
523 528
800 891
345 18
255 563
632 716
259 734
702 118
173 892
737 99
624 686
640 643
753 14
496 49
387 162
830 154
578 83
852 950
9 884
766 788
674 638
143 737
551 292
114 595
912 402
70 942
397 86
553 384
165 970
682 292
166 413
316 106
923 50
302 173
32 913
487 211
895 214
951 576
679 721
404 645
743 482
391 393
619 784
362 267
435 509
454 299
184 699
774 842
775 551
856 650
524 869
567 192
68 224
37 482
776 622
241 948
140 359
165 526
166 857
559 722
520 678
28 794
247 160
162 260
699 471
756 236
684 641
426 657
814 772
620 563
646 715
435 953
20 777
385 156
693 622
884 442
510 430
495 94
797 704
505 814
827 361
225 703
797 369
985 977
967 673
215 988
141 985
699 915
829 832
242 26
519 132
781 989
507 386
324 564
881 689
764 581
815 642
854 364
177 798
371 539
935 37
960 959
868 24
463 740
688 494
302 674
817 718
458 253
904 214
317 383
122 777
703 671
360 926
749 156
308 358
170 99
848 883
521 83
228 893
843 936
679 262
661 791
557 934
83 527
895 916
571 802
44 866
209 841
652 530
89 275
752 253
689 748
463 201
525 626
782 855
739 342
396 5
474 805
366 582
245 434
514 275
869 244
102 244
799 278
358 66
927 719
390 830
41 620
409 976
456 182
283 955
766 430
920 452
663 660
996 599
758 530
390 472
504 321
887 720
750 930
435 917
480 314
300 493
194 616
431 885
540 212
663 634
389 289
534 653
744 309
870 309
841 561
361 581
834 730
980 972
394 299
954 739
294 320
405 681
693 6
713 856
113 900
664 308
725 661
178 632
38 212
421 212
454 661
137 229
191 446
393 371
507 893
94 335
88 996
486 612
657 776
160 288
967 495
53 603
827 696
340 289
852 861
249 128
986 743
2 334
370 916
669 530
586 400
540 65
457 92
899 117
32 631
10 688
236 680
917 633
810 747
944 553
99 304
183 960
487 200
813 329
82 213
725 716
125 337
343 670
793 836
135 242
452 118
219 773
383 542
318 603
379 603
676 805
317 618
495 33
171 311
764 79
575 35
547 976
702 652
777 603
426 395
972 27
870 326
820 607
772 986
594 380
722 329
426 282
100 501
122 653
712 207
198 814
177 50
91 154
955 565
189 553
619 69
209 299
962 363
446 168
393 60
569 443
128 319
458 538
664 481
99 260
744 207
172 584
1000 89
674 774
87 319
548 819
844 218
682 781
441 665
227 168
670 362
923 630
441 345
969 895
294 78
265 340
360 982
631 64
762 785
503 461
1 991
420 775
203 401
577 140
961 237
579 586
692 875
749 390
511 87
38 301
520 60
204 573
61 132
340 77
982 756
740 558
411 490
491 184
2 197
573 154
683 710
682 54
909 184
676 133
363 421
808 21
148 606
425 619
728 844
139 52
275 853
438 227
496 944
581 145
514 74
516 524
975 425
23 524
816 366
286 326
385 183
872 533
176 28
763 944
290 12
681 997
811 946
351 77
633 412
10 159
621 791
766 192
841 751
972 583
366 210
37 914
42 524
852 972
764 993
450 377
295 67
332 179
806 794
530 760
650 341
627 472
186 670
707 16
468 516
494 336
298 71
910 326
911 43
489 944
787 505
177 365
392 111
89 451
753 188
455 44
173 891
523 608
913 332
437 594
757 589
758 318
126 256
463 982
874 811
126 692
515 673
915 379
274 273
977 726
834 377
818 850
395 751
490 675
196 959
143 529
311 435
938 715
510 540
348 692
59 459
296 7
762 134
799 543
988 452
326 231
143 823
19 765
741 780
61 394
219 574
880 852
330 381
226 442
763 641
712 621
813 568
589 729
475 473
827 554
867 703
305 186
641 288
453 258
861 389
366 541
538 88
614 199
816 266
963 461
379 658
659 836
881 884
55 483
685 104
906 791
689 109
581 919
711 1000
658 807
534 375
519 481
150 524
745 150
46 589
823 661
285 112
115 426
280 149
689 335
963 120
825 387
531 743
699 914
96 589
869 78
915 809
727 96
416 324
898 868
848 455
316 741
306 240
416 179
548 740
551 135
811 90
122 935
751 72
379 60
994 723
209 541
587 906
161 722
548 986
21 721
109 322
407 365
445 26
88 777
394 840
507 961
184 284
618 727
762 841
778 978
305 568
19 458
369 945
278 341
766 896
126 547
480 628
308 564
40 202
402 465
944 800
173 402
527 915
112 236
386 125
22 106
705 345
317 915
321 592
343 919
19 793
168 189
607 403
10 640
562 85
33 865
62 891
148 534
139 381
659 898
718 483
511 419
831 640
427 582
818 269
129 464
176 859
888 57
214 765
861 282
426 517
689 393
985 786
340 799
163 830
96 839
102 817
207 801
841 679
642 944
168 791
632 284
409 531
467 224
658 85
417 40
698 395
55 538
578 677
794 998
445 634
91 814
988 592
94 643
904 405
493 965
699 742
894 926
170 66
373 633
137 155
265 430
378 289
79 399
476 838
545 231
873 530
213 81
716 728
288 136
569 233
273 996
8 347
576 731
207 631
322 427
880 321
643 447
274 454
574 197
188 256
80 633
62 313
804 895
182 802
218 539
666 631
574 340
191 748
428 781
602 645
885 319
572 365
790 412
365 139
528 885
961 802
246 212
374 281
752 105
291 887
918 304
10 725
556 166
297 571
662 132
616 934
598 778
98 921
421 939
451 296
969 171
23 600
690 759
395 465
702 802
284 975
822 75
971 783
347 105
183 391
224 732
354 775
195 77
233 898
15 766
544 938
467 973
817 474
391 715
898 701
708 500
756 665
397 539
273 533
815 581
433 975
307 978
615 301
271 183
259 599
186 989
886 634
227 171
29 353
677 521
968 647
683 236
514 882
623 446
769 987
141 828
97 516
938 946
665 794
298 277
134 695
304 858
691 278
284 192
492 99
455 361
603 256
792 659
430 345
261 33
297 228
601 438
141 43
109 631
114 783
883 48
736 522
615 770
654 458
679 781
371 398
540 501
46 122
908 113
340 659
268 144
552 27
330 425
231 795
988 182
970 665
698 562
234 156
442 534
668 939
552 712
594 63
99 871
501 835
413 241
789 918
612 559
264 543
928 742
391 670
855 405
638 799
785 983
510 658
223 607
502 514
747 645
803 695
146 750
589 90
304 169
759 686
337 857
981 720
599 1
674 184
110 169
509 571
460 97
657 651
394 627
950 580
511 566
389 828
855 985
368 415
166 38
540 887
138 719
749 71
606 464
735 244
902 517
468 953
377 164
252 592
550 11
588 986
340 280
830 721
725 31
106 705
412 640
218 723
681 217
791 900
630 148
911 323
433 256
364 486
244 966
923 165
305 846
593 66
681 507
444 375
926 919
379 966
965 947
269 892
862 325
629 70
575 864
727 729
789 750
505 752
801 931
325 421
55 220
93 905
865 80
974 818
442 131
206 344
615 4
249 866
214 871
196 406
90 689
701 571
484 489
84 547
452 562
712 987
380 825
492 803
493 502
419 495
647 47
997 934
819 846
324 272
137 146
77 72
157 875
261 257
483 433
319 31
391 642
214 291
864 980
494 19
650 115
100 398
855 46
52 297
396 355
697 180
333 256
431 663
217 799
364 324
498 848
681 763
172 529
502 776
489 915
878 471
993 768
223 230
118 472
363 483
180 171
413 517
916 615
817 942
246 273
910 125
36 554
700 529
916 982
294 998
545 804
910 236
749 444
18 988
771 294
187 575
628 438
999 948
414 331
858 671
257 557
957 384
245 158
249 91
822 774
92 743
189 148
325 103
679 836
97 8
641 609
272 140
755 639
455 885
166 744
979 7
16 129
804 122
606 810
993 167
576 457
524 105
887 775
266 841
414 321
816 311
67 383
747 257
875 724
669 800
771 529
594 149
388 715
499 200
759 845
730 596
806 801
293 882
901 627
775 94
506 94
747 559
696 587
180 676
146 532
827 375
612 743
154 727
121 792
730 886
732 264
272 886
755 217
722 977
405 865
398 305
826 308
495 48
856 943
88 601
105 413
327 266
989 953
919 710
298 28
502 788
854 505
378 302
855 784
714 644
677 528
536 880
829 693
260 80
282 552
319 759
433 652
839 508
990 888
113 228
791 633
230 829
255 346
835 614
147 687
596 390
613 544
292 295
209 939
619 956
106 537
127 237
808 285
314 586
496 345
672 437
687 15
729 317
123 538
342 760
225 645
938 531
540 355
887 277
698 679
182 508
314 147
684 918
900 619
225 95
376 477
185 697
480 11
390 664
672 905
712 678
286 473
287 32
605 37
533 952
665 346
367 278
656 413
628 489
735 961
836 158
951 255
573 681
997 877
687 777
662 481
190 352
894 334
141 910
918 718
149 447
273 635
509 677
882 129
510 710
918 697
902 210
775 352
137 468
808 927
552 809
242 179
575 247
152 695
446 57
798 786
530 436
215 740
181 820
305 891
169 980
248 955
692 416
325 729
109 50
386 591
284 82
195 537
204 857
995 62
893 373
815 740
47 253
91 713
790 607
90 705
647 878
691 390
334 766
830 991
154 356
134 982
187 724
409 338
818 910
748 83
235 32
453 121
808 136
936 93
97 199
595 320
888 694
390 602
212 240
305 946
343 628
896 763
37 459
738 328
261 967
705 433
173 251
162 652
235 334
942 177
675 470
201 323
475 364
537 281
404 800
442 95
375 719
11 974
849 334
656 505
72 240
291 430
202 639
711 484
813 77
602 808
495 71
244 325
750 715
422 838
293 778
185 145
556 128
516 632
836 400
158 188
604 148
253 354
464 71
319 75
980 919
458 685
555 329
460 19
47 605
748 702
603 69
697 8
312 106
77 790
959 136
636 11
454 576
722 708
517 174
609 837
602 6
749 181
203 81
818 622
983 974
329 523
75 27
900 88
594 795
44 889
649 809
520 714
568 343
53 657
94 39
387 69
83 338
728 157
605 425
164 177
636 212
391 394
728 12
925 846
237 420
720 744
830 725
465 519
428 524
117 145
164 607
158 589
698 974
993 154
330 803
619 448
414 483
548 76
435 781
846 361
418 513
999 309
747 292
914 933
729 930
841 824
777 701
357 70
51 807
180 705
399 353
93 588
367 157
684 49
544 868
394 163
103 695
668 733
206 644
449 657
525 816
241 215
350 563
691 917
638 538
864 563
422 511
656 45
636 47
998 642
803 944
623 275
990 754
57 822
901 99
299 657
617 430
697 262
511 698
863 401
242 477
904 168
563 493
601 162
855 621
273 911
221 625
213 871
408 914
942 595
65 493
709 972
925 671
503 439
199 926
537 891
311 608
425 997
27 41
778 931
14 337
400 165
221 275
113 426
858 419
924 328
107 148
19 682
531 357
636 689
527 514
637 909
725 865
638 446
892 922
162 581
54 735
320 19
55 178
438 830
311 36
44 417
49 509
89 972
595 86
542 563
524 106
196 395
548 96
736 128
297 776
837 398
380 751
896 368
523 130
928 833
340 793
630 624
441 198
775 370
651 87
232 349
287 643
205 54
233 810
319 50
450 191
173 458
859 25
551 839
590 155
846 769
573 983
426 180
134 141
392 380
642 720
657 5
261 6
464 414
856 944
964 475
482 980
590 437
97 189
846 547
26 784
716 718
123 96
307 873
548 873
255 615
436 131
644 360
203 136
857 132
403 314
117 578
852 523
568 66
345 79
717 927
77 900
902 563
320 283
601 190
912 575
502 500
217 133
808 480
60 341
8 232
373 778
895 949
238 732
623 747
992 619
511 13
496 346
577 455
870 588
301 319
931 728
348 894
168 12
296 961
350 276
71 618
843 405
115 522
187 425
171 876
776 602
740 875
743 180
876 347
953 850
429 445
328 208
917 344
278 802
943 564
379 751
607 763
186 69
222 925
957 984
63 921
357 188
802 795
267 363
112 805
441 369
298 554
135 397
711 946
927 881
641 8
436 700
366 821
304 314
732 382
664 198
480 551
457 841
525 999
548 600
823 710
919 521
295 41
632 425
643 961
664 554
973 166
372 787
449 458
624 392
887 676
761 785
298 241
172 730
194 446
91 979
932 691
471 974
312 941
544 360
393 364
550 146
520 449
385 976
260 196
815 266
764 354
285 567
273 87
56 289
829 442
995 910
852 781
467 361
982 664
804 616
166 373
117 489
227 361
654 174
628 923
455 649
648 323
153 939
540 209
615 687
763 408
781 25
141 186
272 55
261 949
672 712
225 428
53 975
93 50
19 851
477 147
98 744
136 917
438 57
468 458
853 145
701 676
480 40
7 375
396 302
880 521
992 179
993 238
900 878
458 366
712 850
452 85
3 613
650 744
714 719
818 418
197 935
806 799
388 652
443 491
392 742
637 505
675 132
569 649
881 943
57 349
935 334
495 439
962 424
254 817
124 387
894 363
287 603
456 200
428 419
87 254
860 446
96 531
117 887
812 313
127 326
909 304
470 93
147 42
152 875
134 484
640 377
659 199
660 884
221 842
916 734
139 883
317 343
297 181
469 12
622 962
694 607
825 284
4 903
920 520
133 293
943 372
47 803
36 560
492 50
203 33
354 79
781 347
680 739
627 902
903 827
522 550
156 872
454 13
438 646
496 275
114 990
652 456
669 550
467 242
648 913
607 238
917 875
23 105
357 687
377 225
586 471
802 671
605 330
823 311
236 755
791 213
6 631
888 322
908 23
965 66
359 247
948 816
37 639
63 755
660 136
563 667
214 869
710 798
876 562
26 361
426 669
389 435
798 397
603 631
767 808
290 188
698 801
279 995
510 323
239 131
920 283
828 700
543 91
90 977
567 65
367 47
958 582
336 305
525 589
30 53
385 434
99 530
750 343
55 563
683 362
156 490
29 916
696 655
695 451
399 6
384 741
204 478
863 571
426 96
7 573
781 61
712 409
125 956
972 987
629 663
630 773
669 85
341 132
270 128
954 557
810 562
705 865
738 951
835 482
929 889
147 804
193 38
48 879
639 697
216 193
75 6
78 959
1000 705
433 576
402 445
593 598
653 820
446 562
397 118
515 815
995 855
688 957
225 72
930 982
452 745
514 380
625 423
273 458
867 510
169 322
272 142
221 165
135 885
582 166
515 235
794 43
766 466
803 164
976 656
558 446
262 267
29 564
525 655
84 577
747 259
430 557
470 622
72 9
318 51
36 428
239 167
557 126
171 719
564 814
176 39
175 987
257 314
370 357
25 774
375 980
391 851
12 516
217 558
695 257
369 54
924 549
640 148
38 927
313 108
918 659
542 31
215 450
671 441
17 703
436 110
842 937
459 263
670 338
191 196
833 391
320 638
325 707
14 246
587 656
218 341
651 585
293 261
96 825
687 725
462 856
838 547
144 571
677 495
18 28
320 284
817 75
502 52
468 908
161 620
961 670
294 768
49 963
356 729
397 9
455 279
71 327
865 466
24 814
277 580
994 54
980 5
672 318
231 189
639 256
107 115
913 964
326 147
934 978
317 948
458 298
193 590
891 531
31 890
434 880
823 462
571 401
884 712
650 768
795 297
266 521
676 252
879 983
543 183
163 224
86 281
707 734
173 38
840 509
553 233
591 112
7 419
779 330
728 658
55 439
185 978
711 197
496 311
266 250
465 292
145 815
867 982
820 833
64 921
194 584
361 201
767 625
880 729
498 466
426 375
605 701
487 782
437 21
220 651
332 845
78 281
564 544
711 723
208 82
926 218
185 454
518 576
320 555
63 429
618 532
259 600
412 106
659 733
696 337
425 241
212 719
621 405
584 242
498 736
748 792
770 662
714 865
19 406
937 255
903 982
668 121
501 216
295 446
657 232
855 645
274 696
279 73
908 959
325 795
571 735
809 70
205 885
773 547
905 635
84 86
823 445
918 467
635 641
26 203
942 469
308 228
984 331
646 995
847 472
522 213
468 459
365 957
962 997
637 549
974 683
508 639
76 859
956 471
897 999
602 589
889 465
617 858
865 498
998 201
121 523
89 340
470 159
201 419
556 243
423 292
577 776
284 558
394 58
234 445
124 476
544 959
483 406
944 228
621 932
879 28
534 585
650 90
264 657
177 612
494 229
591 569
759 683
869 423
66 436
656 982
532 201
200 594
608 447
630 700
336 146
155 758
981 846
342 152
159 818
458 397
590 498
574 983
351 474
639 207
134 379
821 806
290 942
441 977
528 778
891 46
751 107
639 644
587 297
808 554
862 426
78 928
482 121
100 952
699 516
877 160
571 797
125 998
700 767
347 833
813 952
728 933
892 547
73 795
936 285
130 332
831 3
995 826
300 668
373 114
909 502
714 158
403 817
723 932
245 40
83 453
639 216
895 162
221 47
168 197
576 194
659 370
75 566
406 178
245 330
323 752
512 812
624 333
378 739
736 375
37 638
154 826
620 921
538 151
534 41
257 51
276 265
411 321
760 236
188 621
119 827
580 319
660 503
942 775
561 94
859 785
884 196
963 239
431 973
983 240
159 466
487 961
794 543
525 989
547 893
937 857
42 383
815 792
262 872
402 871
86 98
759 655
426 97
584 325
346 952
76 225
358 803
181 854
935 177
630 523
167 267
198 423
949 373
47 854
946 477
882 651
331 147
403 766
84 313
530 47
515 641
369 177
566 768
827 512
95 360
61 200
483 815
248 433
446 898
115 643
921 500
563 939
491 132
359 602
849 874
148 270
669 284
552 71
607 483
386 155
244 251
779 720
266 997
196 358
182 305
248 109
102 120
654 675
629 889
297 782
906 676
928 980
263 993
695 98
111 875
665 59
849 310
689 397
319 350
638 120
417 785
642 797
560 190
200 317
770 289
601 386
43 548
260 692
945 709
158 250
531 636
767 690
791 739
739 737
422 319
629 701
464 1
617 221
265 240
11 468
661 370
812 830
540 674
726 344
909 168
950 656
165 504
536 196
527 398
431 293
548 875
273 847
471 548
772 295
886 909
83 976
445 201
997 492
798 727
473 128
221 546
666 849
739 189
540 954
193 1
964 778
108 404
937 130
956 682
593 544
227 510
320 140
545 965
808 369
936 326
809 984
616 494
670 722
321 790
732 752
549 902
79 843
245 127
706 739
529 90
396 87
198 79
299 802
535 452
334 703
316 414
853 737
870 875
903 849
468 321
914 551
993 486
982 741
649 722
979 183
672 541
913 741
644 595
793 831
262 458
413 598
20 38
963 504
177 435
196 489
399 532
599 565
750 579
510 408
836 40
840 43
785 862
34 941
128 103
458 978
779 184
360 496
837 642
987 61
271 876
186 276
659 457
39 81
224 574
479 798
744 165
742 912
356 43
472 1000
272 996
459 290
460 121
778 338
782 442
674 771
570 976
331 610
96 855
406 926
597 505
869 356
59 633
284 62
514 991
881 94
442 994
995 210
35 881
109 192
658 940
683 881
711 167
291 680
75 193
882 723
903 977
357 435
597 76
320 232
925 581
361 812
364 161
754 537
352 569
857 427
783 456
832 226
301 289
165 663
179 893
383 485
701 960
300 991
282 126
448 874
931 839
219 553
878 808
386 208
98 742
373 288
339 240
567 808
184 899
301 84
359 773
953 733
537 286
655 162
757 379
974 725
580 452
393 566
823 96
20 883
867 868
138 450
283 791
233 64
286 218
417 281
884 225
427 928
157 343
785 493
200 230
57 355
241 462
501 948
379 344
289 944
758 937
186 296
684 223
299 123
891 485
637 217
659 491
309 174
898 669
522 17
742 956
618 954
879 253
336 147
906 259
215 486
825 177
274 217
185 338
792 422
441 696
647 536
687 543
636 117
587 347
679 139
592 243
131 497
852 589
677 422
199 38
772 398
576 519
667 368
226 896
778 571
838 763
471 818
105 691
795 212
812 782
49 522
640 935
951 553
681 221
689 762
28 428
839 884
202 75
221 445
538 481
294 555
916 631
429 848
803 75
140 133
623 914
573 185
671 732
214 921
328 268
241 989
633 383
888 324
246 396
456 464
257 129
865 84
205 715
222 571
782 610
328 78
486 252
5 283
514 43
337 364
448 643
710 687
141 608
608 929
1 53
828 683
63 979
361 247
869 151
945 847
196 199
971 715
826 58
336 450
155 774
686 550
870 259
414 805
860 493
954 870
29 914
124 16
622 275
589 122
807 135
755 366
151 675
906 340
726 317
251 927
358 455
369 104
743 922
890 570
691 519
565 98
548 880
735 228
208 825
359 994
506 434
70 595
915 444
844 110
592 223
424 353
143 854
541 138
711 222
514 822
683 962
818 736
356 551
675 889
827 658
119 389
499 965
800 234
692 808
72 657
786 469
236 412
312 564
263 260
430 4
218 730
766 945
330 184
376 342
321 555
398 721
634 477
527 700
571 484
2 57
448 961
250 597
110 741
664 561
352 45
667 934
746 917
653 327
876 528
862 583
878 487
45 694
825 595
73 726
348 328
427 859
745 228
564 808
516 999
663 624
979 367
142 542
565 642
233 937
215 9
931 296
915 943
66 310
685 873
172 828
950 600
102 645
342 372
522 363
830 588
627 484
621 764
413 471
144 238
994 942
904 410
868 939
778 447
149 478
769 720
173 924
462 527
327 407
754 129
186 949
80 336
725 256
194 456
602 509
195 545
930 564
493 828
852 901
155 479
947 939
877 214
591 18
192 856
88 921
929 613
696 344
623 647
286 532
421 385
350 505
545 949
451 834
532 693
15 480
554 813
663 157
460 760
745 874
706 736
710 152
141 147
17 141
365 693
360 332
154 46
743 288
965 998
268 26
328 501
680 106
280 632
391 348
858 941
857 534
812 734
880 913
408 476
707 704
857 518
430 877
179 687
54 809
419 252
206 148
776 699
641 355
590 830
39 60
524 152
121 621
729 878
192 334
309 262
132 769
157 884
903 116
245 980
595 502
382 12
894 483
181 380
384 18
402 54
354 138
744 102
105 178
660 142
328 879
149 399
119 433
800 537
184 56
114 19
833 583
436 76
988 561
624 358
777 136
7 519
377 940
379 10
481 990
281 970
393 256
878 403
934 417
39 263
223 58
761 647
320 459
139 897
670 511
179 384
86 163
134 680
938 634
161 526
856 459
430 354
269 224
127 743
57 702
841 490
44 695
575 917
10 867
532 486
670 955
106 904
425 195
386 62
830 573
444 360
961 946
727 835
526 282
127 995
992 872
3 315
776 633
465 680
282 494
727 816
129 369
883 494
700 136
461 700
745 497
317 696
283 968
750 911
569 835
167 710
589 640
736 220
648 128
280 882
272 468
695 52
474 680
76 676
812 240
561 48
505 938
822 441
309 282
951 223
280 16
343 15
347 72
202 861
556 124
629 594
423 439
744 484
651 912
637 103
343 252
716 634
574 616
850 752
834 749
800 549
858 231
398 322
169 538
725 629
265 15
773 175
738 753
498 809
461 435
303 432
531 917
661 538
37 378
302 760
378 354
658 368
952 45
626 444
826 714
114 360
972 160
744 975
854 148
677 421
381 990
809 885
406 645
935 695
338 711
579 927
430 271
572 460
142 345
41 44
723 584
557 972
373 975
744 749
473 921
900 378
541 632
411 351
361 920
16 365
414 153
311 318
149 591
60 126
120 721
62 724
600 91
999 877
691 132
141 219
89 730
73 253
760 792
274 956
741 822
248 373
671 735
943 794
488 676
148 45
34 962
699 270
718 542
794 54
745 918
870 885
435 283
391 668
13 370
864 318
554 662
847 47
832 796
742 307
980 396
556 435
59 909
297 123
101 282
229 341
747 280
694 289
471 248
435 958
303 885
153 369
228 915
65 884
673 634
51 954
567 66
950 78
96 416
756 393
688 89
151 389
565 685
158 13
327 622
984 448
116 547
438 269
320 910
561 830
525 987
251 688
68 794
34 918
676 601
272 783
495 230
521 408
152 469
650 124
212 350
39 24
850 615
483 146
981 767
103 913
593 399
929 909
916 765
632 706
597 432
268 604
375 412
881 101
221 988
932 170
134 737
265 662
880 347
364 404
471 864
426 128
633 629
423 765
725 77
139 806
196 797
786 67
164 499
737 535
134 771
904 793
946 140
586 359
383 47
161 566
648 286
387 306
446 787
680 77
988 422
74 162
679 835
5 887
687 340
747 73
614 443
776 864
746 771
712 655
20 726
776 640
671 977
529 952
715 917
628 402
576 381
408 159
764 722
824 807
381 30
953 389
55 477
737 302
591 191
870 450
784 409
586 541
550 858
794 718
464 229
7 239
559 834
507 345
310 267
848 379
3 860
906 633
745 5
48 371
176 312
985 566
626 768
256 352
369 297
636 66
611 548
74 522
342 484
398 314
327 368
973 190
647 701
536 795
617 364
582 914
915 253
420 677
369 11
425 265
133 88
7 691
800 843
838 919
490 801
345 34
165 375
421 221
114 289
276 560
61 806
51 368
414 706
90 343
868 281
669 856
434 299
201 328
381 902
592 331
460 539
27 152
445 425
268 678
839 25
348 596
368 186
114 914
288 934
714 837
74 484
735 320
724 414
535 454
224 328
880 771
878 786
2 107
258 1
940 549
387 703
795 298
175 580
514 206
202 354
24 638
157 702
861 86
989 129
292 887
918 135
757 357
196 18
428 119
585 12
37 645
44 167
262 234
944 413
854 235
129 167
738 741
105 32
414 64
567 394
953 274
661 65
590 985
902 437
615 446
837 640
147 308
185 233
756 368
189 689
265 129
910 595
879 106
534 531
901 372
208 85
941 627
854 316
46 873
730 966
694 853
200 569
460 123
506 265
569 45
865 966
682 244
898 985
43 818
669 26
506 376
713 974
848 163
946 528
412 404
843 920
386 763
593 585
597 217
438 844
179 161
532 731
447 842
614 790
235 918
588 658
936 435
226 335
291 793
292 38
874 739
795 409
300 985
784 918
146 881
458 795
990 48
504 51
113 428
841 84
783 507
365 954
707 703
300 72
836 985
891 742
909 915
15 868
702 998
263 26
72 734
254 221
241 738
319 259
621 895
214 575
569 540
110 224
475 1
572 657
186 468
405 822
888 230
281 504
621 784
940 954
50 647
289 965
508 207
376 271
76 395
2 546
831 309
462 680
393 871
671 348
929 277
12 719
574 617
276 180
993 686
561 866
817 504
871 645
686 637
350 600
276 795
226 602
464 459
321 374
364 684
57 172
169 938
356 344
798 883
346 850
618 696
703 959
40 552
630 605
84 433
946 564
550 879
38 102
833 110
943 481
88 931
910 26
469 362
130 728
10 500
457 56
905 442
430 383
213 885
491 127
353 370
500 455
107 175
774 947
204 687
939 804
482 969
418 545
606 22
866 931
213 568
141 299
70 211
864 328
594 985
888 326
83 36
672 583
632 101
178 304
849 557
500 955
620 916
35 22
629 866
25 12
525 359
728 589
656 474
475 252
646 709
372 364
64 597
397 806
794 8
968 43
492 793
972 531
475 109
383 940
242 816
205 444
133 687
81 246
63 802
712 502
263 284
395 364
971 717
498 25
6 70
941 665
160 626
309 31
720 919
974 355
333 425
37 627
742 975
927 619
252 95
454 647
309 128
485 463
103 912
588 304
754 8
212 556
798 879
806 330
719 86
534 805
415 798
110 849
90 307
934 494
743 890
967 114
531 11
403 515
734 218
248 726
394 962
460 583
66 970
782 940
235 961
92 590
679 540
5 637
231 149
973 912
596 189
316 295
286 709
657 471
785 154
258 907
348 774
149 37
268 199
767 5
796 474
448 963
987 534
552 473
718 490
742 476
706 862
619 419
34 503
770 419
936 967
474 604
996 607
903 253
797 922
984 979
860 62
879 258
275 624
298 563
975 287
944 65
194 608
732 480
94 985
333 852
266 36
802 210
271 789
591 476
774 148
447 116
92 142
427 136
118 207
907 642
38 470
160 781
983 503
569 423
592 768
61 579
371 599
350 931
464 290
686 392
30 721
549 591
161 262
99 462
29 263
123 468
820 54
751 734
498 592
136 467
584 856
584 977
549 673
990 781
922 629
151 133
985 147
507 595
455 275
238 737
494 847
888 962
245 203
734 642
566 995
795 15
734 16
735 889
477 25
667 201
596 209
531 3
411 439
197 394
70 136
843 392
406 142
135 964
179 512
110 788
348 921
629 56
496 908
962 925
318 332
605 63
883 389
331 986
870 141
690 287
983 998
917 468
556 372
560 895
617 866
165 930
157 479
448 717
875 694
272 539
1 115
725 484
206 948
98 773
695 240
384 20
21 481
834 532
671 379
482 806
915 973
399 164
242 971
561 837
467 978
881 261
346 93
665 679
168 905
522 120
47 583
929 106
693 241
243 636
997 299
670 195
484 882
468 607
75 279
555 1
494 303
920 642
246 732
265 499
616 642
934 423
938 769
194 298
178 999
933 789
644 216
848 819
425 6
191 555
213 239
929 662
338 297
640 559
648 622
56 294
403 571
54 430
44 802
446 974
486 651
14 274
883 805
19 632
684 850
114 774
45 648
357 694
726 513
370 595
268 425
219 701
643 207
353 55
546 798
193 558
305 948
376 470
634 275
121 188
230 494
178 269
197 255
624 293
550 573
510 78
239 404
22 506
780 50
34 460
736 222
384 291
628 420
462 28
391 96
908 334
343 299
647 753
727 385
858 592
491 453
215 756
225 569
779 72
963 247
124 297
237 92
551 548
272 662
24 23
650 503
264 518
63 158
319 224
393 606
695 325
11 384
674 64
693 164
108 900
878 224
589 83
846 834
557 501
708 871
303 461
660 898
186 521
575 17
7 613
156 161
86 38
68 597
555 109
497 485
303 291
930 523
787 110
950 974
166 89
792 472
265 284
833 252
407 321
389 950
218 440
674 928
406 667
743 678
624 635
51 216
397 508
58 836
633 712
84 144
714 779
967 431
550 413
473 927
457 290
501 41
571 767
594 245
331 422
207 251
344 795
988 476
148 651
444 270
692 740
676 161
883 607
666 507
560 586
500 21
22 303
410 317
528 488
588 122
221 537
227 836
525 277
818 353
876 559
201 353
2 882
591 52
758 527
262 288
210 241
11 992
943 747
603 586
180 937
471 250
552 284
378 11
367 453
798 257
984 871
516 782
573 747
376 983
711 881
968 187
660 209
693 533
862 795
75 217
837 583
574 205
264 689
833 959
10 366
566 190
994 905
575 164
389 103
34 886
420 643
795 585
484 778
952 92
682 205
88 924
812 568
906 437
375 416
53 428
700 953
740 426
136 56
728 434
30 916
217 179
109 133
577 211
905 324
179 107
142 157
773 837
957 40
680 851
644 950
493 520
169 466
981 275
982 564
253 700
14 714
397 194
130 479
884 578
956 87
642 290
917 620
81 644
544 858
192 315
307 641
638 416
145 651
296 777
480 102
387 722
887 879
391 138
50 776
234 61
625 644
572 901
700 178
3 386
741 522
279 122
634 698
746 912
358 458
475 170
186 171
918 872
6 886
376 789
432 39
550 807
684 493
689 519
889 601
375 546
822 103
490 484
216 840
696 594
648 725
132 590
775 228
483 466
889 699
546 236
233 831
694 988
839 825
474 51
574 550
684 162
462 528
879 193
368 609
729 79
243 611
119 204
82 613
696 799
332 411
373 577
318 194
157 85
915 108
865 809
666 810
350 819
537 606
930 563
403 38
532 483
806 198
521 463
869 867
971 18
554 246
131 347
593 548
334 886
890 174
856 498
784 639
32 244
87 854
629 427
942 736
305 685
227 732
608 410
455 675
996 116
870 582
709 716
841 348
392 218
108 197
610 3
191 170
22 253
978 735
631 699
583 308
306 160
309 847
704 115
227 958
999 4
837 185
641 582
861 35
720 953
827 895
535 166
818 342
893 754
215 490
141 451
415 228
708 313
501 632
563 726
513 317
146 830
20 859
116 140
323 514
309 259
366 844
387 893
341 658
603 291
14 933
902 427
65 720
997 999
599 791
513 72
152 480
81 78
972 7
325 757
34 988
200 428
111 222
495 383
871 752
731 421
532 50
163 689
203 844
354 464
803 246
722 755
401 242
369 134
796 413
104 437
434 378
17 290
904 102
333 948
691 286
322 864
108 500
91 718
248 527
505 160
144 826
572 410
724 333
942 764
544 187
527 930
862 61
515 874
990 8
701 107
648 329
23 67
203 118
763 414
126 498
128 765
130 391
689 956
118 886
447 900
433 254
727 717
684 810
235 327
877 15
699 340
645 774
775 731
597 637
965 249
859 618
150 482
235 468
58 455
873 346
489 19
548 166
789 188
901 914
149 93
244 477
888 792
157 418
603 670
345 642
399 485
914 971
152 222
650 357
614 50
372 441
745 161
113 325
323 87
750 722
897 132
993 563
150 744
689 346
544 974
949 201
454 665
330 592
113 793
145 740
33 56
251 633
848 99
42 422
265 413
104 243
123 177
394 635
185 342
792 426
299 682
288 89
983 199
740 439
83 908
319 564
964 831
951 775
553 748
648 39
703 402
706 402
218 552
316 141
285 646
624 902
127 221
643 268
990 85
477 958
779 892
65 292
265 938
305 644
143 905
2 271
330 128
847 357
460 771
444 152
887 612
281 403
810 506
336 860
776 393
118 850
663 690
250 458
678 199
642 462
92 313
580 574
153 171
425 590
300 846
841 118
73 476
862 732
993 147
704 298
852 338
270 957
840 889
534 34
718 319
650 551
813 25
466 132
841 848
624 16
2 738
591 164
794 326
620 692
768 853
73 655
238 339
239 254
668 822
300 402
466 934
508 237
381 345
78 299
204 684
121 772
712 161
949 188
533 459
449 421
275 421
298 782
100 438
980 946
743 281
15 431
453 990
78 453
9 194
319 997
527 256
820 830
878 108
237 156
630 669
133 97
9 83
449 436
394 543
355 891
511 722
916 760
310 667
812 569
431 509
478 477
240 366
739 132
961 386
212 268
660 628
616 360
579 636
374 104
416 648
123 665
74 463
26 362
49 699
838 389
947 563
715 330
572 305
277 411
153 869
26 157
615 749
687 224
675 552
88 334
861 173
771 93
729 459
214 43
905 912
945 163
55 962
625 699
272 248
28 880
784 254
641 283
14 775
698 860
609 399
847 189
763 898
125 421
475 218
884 182
530 900
893 928
682 731
20 934
537 244
21 459
578 920
405 876
135 311
211 565
358 644
803 281
860 350
441 56
849 203
479 912
500 605
967 639
132 478
8 708
11 459
475 631
152 675
321 316
88 545
584 358
582 913
234 803
18 372
498 876
523 453
262 619
380 569
263 710
611 274
566 421
949 291
610 621
113 3
955 894
151 929
956 289
47 880
476 766
716 208
627 983
668 19
421 837
530 12
682 339
904 937
317 236
502 296
640 732
98 509
231 187
516 365
455 563
22 242
776 498
351 610
27 808
344 452
398 689
28 938
162 608
71 752
954 388
996 799
297 691
559 303
232 740
582 132
331 988
447 726
497 593
828 755
225 418
478 812
873 270
671 71
139 126
73 758
779 912
722 29
670 525
557 25
565 625
591 269
730 675
90 770
641 178
452 252
522 151
211 958
237 834
243 465
66 426
121 941
252 385
589 62
536 182
385 670
761 937
326 408
246 675
800 763
492 295
627 740
954 636
5 110
887 174
565 166
235 591
731 322
74 579
973 385
61 839
246 333
143 729
14 71
680 639
825 378
537 850
539 420
347 990
428 905
424 855
734 321
346 526
610 851
168 885
135 909
635 396
304 802
305 639
430 394
770 515
511 89
661 966
541 400
778 866
318 651
912 304
554 781
477 970
294 512
122 267
737 624
918 469
866 922
405 270
248 349
121 209
966 417
70 234
725 244
198 59
131 882
614 503
11 792
362 60
328 356
275 863
828 433
801 716
832 820
55 760
762 445
159 49
362 79
913 597
608 811
389 751
499 106
145 416
582 371
585 45
614 126
704 758
130 276
15 519
370 340
957 870
82 352
390 41
486 390
841 661
146 965
788 500
422 670
115 472
261 276
67 93
33 477
911 494
181 205
21 654
719 589
688 159
394 262
252 54
553 791
589 81
863 630
789 895
186 676
316 731
377 995
48 653
123 195
731 384
753 328
682 836
406 972
6 266
778 371
912 961
399 26
844 240
761 822
317 336
264 68
872 249
787 112
847 800
102 293
602 433
460 776
825 406
130 548
518 659
565 348
790 627
701 172
204 964
408 813
193 381
710 314
934 818
4 307
300 666
756 539
583 217
643 156
24 876
477 46
581 456
247 708
14 671
953 945
151 258
524 792
887 532
609 979
73 114
559 374
800 209
603 942
819 669
805 914
241 929
992 231
344 746
442 136
614 354
300 222
447 665
283 936
665 176
224 960
875 939
462 126
599 523
283 857
234 249
509 33
736 107
241 643
760 97
863 728
46 744
713 365
471 101
147 403
348 272
794 758
410 767
966 984
609 701
542 442
3 868
137 824
88 409
217 580
90 250
841 514
25 589
7 933
12 893
270 361
39 20
445 989
798 963
86 977
696 773
713 681
473 396
492 472
351 407
997 353
265 440
48 568
303 336
216 426
656 839
127 807
709 344
769 632
175 715
170 487
617 406
711 324
411 96
30 922
416 794
973 730
578 138
688 854
196 793
184 405
701 176
231 257
141 25
531 369
880 61
934 862
669 515
529 112
527 997
787 584
29 582
757 250
888 647
704 384
823 1
639 250
589 913
1 424
678 418
685 510
406 225
62 839
432 364
648 229
642 66
186 198
884 913
135 131
815 379
73 328
955 102
842 540
388 700
101 139
712 992
497 529
162 447
419 434
917 159
190 499
82 296
603 374
252 152
744 288
816 925
621 614
622 321
863 569
926 719
134 133
318 486
674 134
18 482
751 916
73 789
916 447
955 659
794 799
545 403
506 753
626 30
132 253
1000 503
602 87
855 811
161 283
293 270
638 915
204 223
668 334
781 553
485 706
89 41
91 631
87 877
186 801
260 232
916 113
303 74
491 282
532 604
233 981
705 96
78 994
430 331
360 643
434 182
37 107
790 571
38 316
122 389
821 683
461 34
520 154
448 149
411 283
145 331
899 126
719 353
887 559
984 374
123 898
822 618
399 975
491 870
826 207
904 535
675 340
940 688
340 752
231 381
147 303
495 852
386 488
650 621
651 316
727 521
124 546
15 957
306 531
453 448
220 461
946 142
693 570
440 720
276 446
786 721
751 357
589 330
627 171
241 548
405 911
559 866
998 262
746 295
806 725
312 377
630 905
96 400
693 376
228 181
693 333
272 843
555 356
314 442
479 772
485 435
733 717
646 204
61 612
122 626
747 945
184 17
682 240
973 303
886 624
943 847
392 126
551 470
511 661
576 642
294 69
955 925
981 917
963 630
454 895
772 400
449 324
468 943
469 338
181 590
807 186
388 296
282 823
283 18
675 820
914 208
568 632
330 27
888 993
335 302
108 148
326 103
883 806
554 778
893 316
192 71
504 857
624 122
272 47
71 433
329 82
996 990
886 478
650 822
947 326
131 885
412 890
480 32
842 161
72 874
646 578
280 887
45 73
925 481
423 332
650 656
499 26
599 727
214 563
932 726
365 57
573 708
614 48
462 317
724 205
767 194
186 323
445 726
416 452
953 163
294 421
341 149
993 674
492 614
205 725
815 754
543 675
947 554
897 469
310 514
646 168
998 671
325 381
184 45
863 279
721 378
298 221
264 69
892 229
555 370
238 979
744 820
503 309
30 959
786 201
551 331
517 439
701 314
706 400
733 525
257 686
388 268
572 835
326 48
476 453
961 531
49 669
620 460
80 283
434 977
736 689
93 332
521 966
655 67
980 68
225 45
292 198
269 882
54 712
188 774
540 467
245 339
836 938
965 74
434 642
861 105
275 890
543 169
315 397
153 90
708 754
770 475
41 653
975 406
346 476
550 830
152 141
91 358
244 307
337 247
882 397
637 405
105 252
267 861
231 612
367 477
828 922
189 644
65 670
745 44
105 141
986 270
226 953
146 697
755 199
332 140
635 557
821 496
665 30
385 596
392 216
873 769
30 366
860 521
75 323
717 144
829 566
762 523
30 813
815 254
401 303
899 568
169 795
722 697
617 405
247 246
659 88
26 551
977 525
796 455
834 142
763 28
4 193
484 619
213 51
626 300
184 295
256 884
482 20
212 381
6 156
537 834
330 960
402 408
676 403
35 621
113 866
97 804
494 806
244 957
494 867
389 730
395 917
14 713
109 565
332 39
974 715
460 801
444 190
504 145
862 412
353 124
596 40
101 758
283 617
912 39
444 41
103 185
305 66
897 774
242 543
870 229
840 344
306 620
257 16
837 596
334 102
814 812
529 588
56 662
382 338
516 862
426 520
232 311
163 811
63 493
881 411
548 478
72 375
355 640
655 959
271 902
789 837
299 441
962 295
495 757
290 668
5 231
423 856
234 801
53 235
401 378
130 856
845 383
259 612
61 688
65 821
247 37
971 335
205 970
769 603
844 57
321 392
562 966
160 94
700 600
96 928
189 221
618 877
530 251
587 502
102 338
579 602
456 283
929 639
41 111
117 284
818 785
383 121
611 218
334 535
599 47
211 200
514 425
625 490
218 768
221 511
338 317
377 161
876 266
219 706
550 698
827 771
150 20
945 380
434 763
554 380
166 770
885 170
542 645
693 871
803 251
220 95
992 160
284 828
121 390
754 49
576 350
150 481
44 156
747 946
33 725
585 384
289 835
533 160
685 774
612 943
663 573
977 350
878 40
300 453
820 700
379 452
231 607
915 608
510 530
975 620
523 39
506 961
604 138
54 367
948 499
921 203
122 657
712 251
342 426
143 175
492 515
219 477
21 719
321 365
232 64
341 866
159 689
179 606
722 607
246 673
748 739
57 772
26 893
942 839
928 145
51 290
561 717
859 397
613 872
212 44
711 271
307 253
271 350
597 228
561 736
330 905
778 913
866 182
691 1
986 719
805 9
821 896
334 627
984 420
162 928
71 432
152 902
278 10
174 75
545 693
984 339
892 868
332 747
247 76
992 878
349 447
794 220
545 177
944 705
192 358
102 217
874 270
306 466
325 438
686 81
154 814
706 787
376 114
474 288
605 31
789 328
572 840
775 869
949 530
309 755
793 62
868 582
23 625
542 919
963 362
855 328
103 423
569 551
955 286
559 912
747 592
289 984
885 391
642 988
419 589
917 214
560 125
67 95
669 294
584 450
413 488
289 58
826 259
39 114
902 180
996 87
138 769
2 696
471 647
517 771
220 901
211 461
261 69
622 88
56 121
735 475
773 58
133 155
196 153
906 413
194 411
964 683
553 576
790 791
293 453
556 589
93 42
264 213
174 568
265 380
341 457
851 800
431 813
18 92
660 595
662 636
50 652
448 385
505 208
532 533
312 688
900 465
792 762
316 136
118 4
464 923
322 537
415 724
486 727
537 790
41 167
294 723
443 759
210 534
782 836
72 715
61 301
502 385
361 531
387 365
987 656
229 122
102 197
323 760
583 398
918 209
991 997
396 715
92 90
920 501
524 207
301 194
922 776
215 284
642 158
977 277
135 447
356 409
233 37
842 585
963 70
320 943
941 259
154 599
413 170
234 409
306 826
471 468
592 763
275 313
100 290
569 285
538 608
246 975
483 267
988 576
780 82
61 290
739 602
704 951
700 389
692 332
388 173
877 253
742 546
873 913
977 166
949 460
458 425
440 180
938 95
976 422
816 575
66 178
821 770
790 819
385 627
83 941
943 275
781 404
235 678
863 40
333 889
373 828
304 797
271 111
587 931
717 723
757 934
952 292
669 656
946 311
395 519
801 75
877 269
201 884
645 391
493 418
870 606
725 169
736 606
511 224
442 473
192 128
786 600
218 917
383 442
404 541
336 827
762 273
267 303
20 621
923 440
379 876
750 845
93 994
702 976
651 274
335 805
282 339
837 483
180 794
827 53
483 875
671 108
604 385
915 726
608 68
435 992
111 883
405 248
600 744
360 269
934 701
343 707
253 478
517 647
831 507
617 939
853 536
108 810
513 96
644 833
313 10
367 187
573 892
996 265
178 288
618 263
285 116
488 96
717 81
720 315
389 54
63 35
800 611
363 781
694 835
453 959
21 539
61 606
962 139
33 229
821 68
845 382
606 562
506 366
144 677
696 914
414 693
806 363
683 252
830 125
318 808
796 437
563 418
916 228
691 715
535 536
352 823
995 15
613 708
29 435
307 17
588 902
626 337
8 442
94 203
757 521
539 330
80 629
703 471
136 423
144 978
284 805
779 808
523 898
26 239
31 591
514 633
793 628
44 714
227 85
482 795
504 831
981 307
344 808
326 136
267 96
849 829
900 719
210 881
874 408
606 979
455 957
317 572
738 298
277 158
558 1
891 961
180 847
353 956
515 442
227 414
130 1
712 800
289 721
272 385
167 720
742 76
28 966
547 78
396 610
96 180
23 733
954 967
448 437
404 484
262 14
391 686
986 340
894 373
842 784
557 379
1000 168
950 298
937 665
185 92
392 258
446 85
44 930
949 98
935 19
578 268
778 346
858 44
246 24
661 527
739 995
151 593
466 994
47 928
51 293
548 951
792 624
860 182
669 822
201 722
365 479
592 301
443 637
61 38
687 982
531 314
814 463
62 592
579 710
800 297
654 180
878 630
899 207
378 982
705 364
193 432
879 796
447 268
69 158
162 528
953 779
236 641
615 903
482 513
230 483
896 613
749 957
418 761
954 423
455 822
666 19
401 690
231 783
179 656
491 610
495 874
477 395
724 892
429 296
12 272
73 262
291 347
555 646
183 217
24 382
673 599
585 419
805 686
465 925
693 397
578 991
157 192
512 497
698 484
561 868
565 884
859 91
538 631
781 828
433 918
414 979
591 689
886 547
889 435
639 937
105 578
961 974
974 558
772 336
825 83
367 582
406 946
800 905
912 851
307 171
308 886
39 288
441 561
481 620
47 821
783 225
23 300
868 479
654 118
748 885
35 738
759 701
182 887
588 974
516 115
761 390
668 86
501 131
451 882
360 733
135 724
529 393
749 750
435 346
865 273
224 391
776 318
747 769
801 861
699 403
19 776
41 832
532 211
789 393
330 366
207 42
600 320
858 876
605 241
519 673
760 134
458 803
527 381
24 299
689 15
104 633
451 236
435 903
383 965
172 50
904 383
625 717
256 125
286 384
827 137
798 149
674 415
871 749
694 90
884 380
705 551
885 677
580 85
207 817
824 479
323 723
94 769
494 31
385 569
707 106
635 826
806 610
76 139
39 17
920 801
575 163
243 394
116 644
872 58
265 44
708 550
982 163
855 147
716 379
844 128
395 229
890 578
119 148
765 642
490 820
758 294
658 677
575 385
859 498
643 545
682 89
39 708
117 740
136 88
264 242
213 49
611 309
190 262
437 953
246 59
193 823
857 70
129 500
459 814
880 775
818 875
231 258
967 398
880 48
218 699
183 703
558 921
134 917
230 766
566 74
551 402
292 21
758 567
331 633
539 60
392 770
283 762
636 708
322 796
593 33
128 697
572 188
61 417
296 552
448 938
471 953
310 320
274 810
258 423
131 847
975 86
558 234
67 589
927 467
27 830
611 636
372 168
28 844
430 968
453 400
359 669
239 312
154 918
176 66
300 140
262 144
903 927
565 537
875 593
91 663
495 384
209 31
797 694
285 450
135 75
275 340
495 497
298 863
650 392
890 789
120 509
747 680
876 972
309 125
404 295
426 187
156 448
690 776
233 691
959 100
657 702
57 238
919 730
705 682
47 911
513 547
18 131
626 108
311 778
848 190
939 265
905 137
264 31
513 890
912 667
235 756
704 622
146 95
576 552
369 878
756 846
460 387
664 834
192 801
890 312
66 774
765 904
469 187
986 983
979 676
829 427
333 796
834 259
230 952
8 998
602 743
53 698
969 568
875 381
882 918
679 602
411 367
909 420
516 669
939 725
467 180
52 358
680 963
454 466
41 783
539 24
890 963
649 584
173 378
672 679
123 903
415 461
533 746
311 236
258 24
206 450
748 257
969 116
206 791
6 565
373 452
936 794
962 774
45 98
891 759
243 324
196 967
861 448
275 549
997 75
11 47
223 597
96 181
59 827
571 757
803 424
72 446
426 265
662 509
901 603
206 809
100 480
816 45
10 124
157 251
765 6
342 313
720 393
262 926
512 389
290 335
517 924
211 819
159 691
788 161
590 365
593 447
132 333
364 557
928 624
378 487
379 2
333 331
473 457
436 251
365 43
592 113
705 290
939 228
244 123
268 908
803 885
74 591
679 158
537 11
341 51
492 193
293 432
5 268
389 20
265 727
648 623
808 455
701 132
83 418
246 99
867 463
23 489
407 910
939 817
467 80
586 422
791 85
996 985
316 443
54 739
329 32
292 188
455 928
849 681
956 139
261 971
525 410
452 954
79 77
794 77
499 449
120 10
102 174
767 168
783 919
110 677
883 359
370 622
22 367
850 164
643 891
854 804
56 737
92 231
556 342
387 975
7 14
655 674
287 814
681 983
573 705
479 566
704 528
957 866
157 302
512 323
590 60
522 292
685 792
872 289
123 828
579 173
899 370
290 480
517 623
699 900
656 945
823 575
8 640
177 995
588 267
829 658
85 308
782 415
983 298
507 213
454 956
130 798
593 308
646 318
777 61
467 579
288 94
470 330
933 819
238 577
79 583
460 459
317 409
28 135
891 937
17 402
491 487
678 73
667 504
529 511
656 423
184 620
496 270
114 981
745 921
852 155
299 877
800 310
305 744
69 351
72 717
566 941
1 727
723 942
895 84
842 32
610 452
831 956
188 146
631 638
693 955
89 595
366 717
685 295
742 344
230 396
692 657
576 506
482 661
175 746
949 707
163 210
618 217
422 845
573 515
727 562
747 272
133 519
318 541
998 227
582 482
264 143
81 239
99 801
410 763
418 222
475 915
133 825
486 306
82 723
587 818
768 72
29 105
690 869
124 41
731 115
889 613
290 375
886 669
426 87
468 558
859 215
554 363
994 626
259 500
86 68
342 178
630 513
669 987
561 754
730 219
826 758
576 717
333 998
668 738
528 864
491 306
570 755
165 189
421 3
21 477
79 712
26 452
154 305
100 725
804 683
364 226
61 222
287 396
895 868
67 814
633 682
70 167
299 234
631 578
275 315
965 922
602 836
755 586
679 968
10 517
160 867
989 181
258 343
559 189
318 991
905 996
836 792
547 199
70 464
537 477
461 973
619 297
124 649
732 72
200 73
399 427
770 301
385 201
6 251
244 274
797 516
730 601
159 299
113 617
206 978
428 312
159 440
608 164
872 377
487 876
54 305
96 615
816 864
199 478
581 544
363 783
718 699
320 730
981 667
30 329
234 812
678 725
146 442
644 461
705 681
394 572
731 381
234 959
58 632
501 439
563 420
946 612
72 586
753 118
722 811
812 315
606 405
436 437
921 787
389 537
230 953
700 84
469 299
435 247
827 713
40 773
780 455
459 717
596 506
45 524
763 283
291 916
690 210
515 901
791 48
77 888
779 665
463 464
11 755
691 964
804 796
943 587
125 354
838 885
590 660
666 172
315 438
888 500
997 702
357 863
896 441
137 70
989 266
718 376
560 886
780 875
380 775
104 705
604 22
271 705
77 178
842 235
877 587
824 553
898 540
848 351
224 601
177 629
950 296
38 950
185 98
744 175
281 695
958 119
781 871
998 759
575 75
928 148
378 343
622 50
915 398
790 782
256 529
908 765
13 991
217 33
311 670
494 528
155 434
412 259
986 936
386 866
184 649
995 954
833 11
796 185
35 601
398 965
627 807
645 332
886 48
299 768
675 905
838 439
126 613
588 650
539 118
961 418
415 275
143 800
663 41
171 823
580 665
176 719
429 243
197 87
153 474
602 828
254 491
24 287
477 280
799 223
234 127
736 213
558 476
993 250
956 490
64 722
84 541
501 303
141 626
271 519
272 495
737 253
443 374
357 196
855 325
927 200
305 361
56 373
431 818
413 195
159 483
508 199
437 205
220 755
132 637
519 3
725 794
962 444
724 707
767 751
91 70
327 167
627 56
773 500
246 998
962 303
64 954
660 26
366 63
494 748
975 867
544 563
71 898
425 312
685 586
877 994
687 545
959 780
530 284
568 151
108 304
697 501
436 335
829 752
498 748
627 707
339 636
559 921
164 625
91 691
131 264
117 703
333 850
178 789
37 94
256 795
792 765
647 833
192 921
501 129
127 219
425 773
676 458
476 368
97 141
60 119
351 528
11 605
411 455
995 517
391 270
340 342
418 986
126 355
474 960
206 315
63 662
429 104
603 933
201 153
183 25
352 27
832 789
149 352
546 543
668 688
969 156
406 411
58 485
662 754
370 403
813 19
767 988
694 995
326 658
607 807
518 886
146 589
176 55
323 936
474 260
863 802
388 596
281 476
564 717
285 508
513 25
860 368
295 135
711 767
287 547
505 503
600 988
584 481
474 201
177 868
685 541
356 149
928 510
858 115
566 288
275 137
773 138
302 690
437 741
76 107
332 509
711 323
469 52
161 739
401 188
585 941
479 399
837 29
873 688
416 799
629 465
329 466
671 753
544 27
47 184
311 631
683 960
566 359
141 20
307 468
644 957
961 855
320 89
339 999
487 231
74 305
2 237
455 581
648 263
238 212
157 911
653 10
88 340
109 706
554 593
723 826
852 340
102 277
456 359
359 191
945 165
193 664
909 834
309 534
845 580
430 974
515 356
920 468
538 911
559 631
46 670
908 269
822 463
897 36
862 988
925 503
854 455
915 584
555 593
134 92
137 712
279 925
447 495
730 713
684 10
68 871
472 616
659 444
633 205
972 781
55 619
739 746
833 625
206 749
376 728
622 309
493 127
60 806
1000 406
484 838
267 680
15 62
592 919
185 295
848 33
96 838
977 683
27 452
32 446
4 956
761 753
557 728
532 273
92 102
386 748
575 308
388 418
264 144
564 59
877 111
660 534
60 530
956 701
680 29
352 219
620 370
268 351
514 643
970 321
787 909
921 643
707 579
528 619
330 115
295 967
15 207
999 863
122 497
283 879
606 71
800 494
514 340
292 154
991 536
225 105
260 696
448 904
709 220
886 824
241 915
644 582
738 297
529 770
846 259
594 808
480 392
157 550
799 139
638 23
936 939
276 468
404 129
187 243
667 525
357 175
404 112
868 573
444 881
98 233
436 641
497 949
371 876
559 873
618 471
507 380
132 790
864 827
739 6
930 170
61 14
73 939
517 922
574 709
955 581
995 400
599 114
33 21
146 268
788 163
612 495
33 134
786 828
713 868
547 928
556 726
208 876
47 941
229 522
934 479
95 212
678 103
291 708
865 703
630 505
795 852
986 937
956 797
899 786
866 195
939 533
624 913
109 983
679 591
921 671
710 585
925 971
620 485
805 53
829 175
558 983
944 999
743 489
356 967
286 762
605 456
770 831
37 364
455 525
23 201
979 239
743 382
391 293
286 517
805 791
473 726
799 329
269 730
118 619
546 760
896 535
979 536
884 982
261 747
413 928
292 995
298 608
7 8
543 106
637 283
251 576
136 665
286 193
881 969
14 565
232 371
323 92
751 132
536 331
20 100
223 575
439 530
745 59
964 211
124 400
538 499
641 144
769 475
54 335
441 122
993 677
945 570
858 237
254 585
122 544
892 28
507 102
532 221
237 177
455 254
994 620
722 575
321 254
359 866
834 52
798 651
569 193
933 928
807 843
459 985
77 618
155 480
122 885
515 512
933 817
869 623
771 315
75 230
773 873
619 997
265 578
334 544
335 265
504 779
98 878
201 813
697 944
992 544
836 753
227 952
309 799
572 155
990 382
440 25
984 307
783 727
845 718
103 144
664 544
262 393
871 143
28 875
33 951
305 170
624 456
477 492
470 607
291 376
989 369
718 177
521 859
258 659
391 973
341 738
103 455
414 118
238 346
441 180
404 40
850 936
651 89
374 625
795 555
767 573
254 960
402 697
760 648
591 451
774 161
678 693
320 978
454 157
432 992
755 202
494 34
295 23
685 651
1000 227
837 976
911 377
750 467
454 764
971 546
4 928
51 459
282 759
262 759
341 806
622 137
181 973
95 779
425 283
981 886
285 831
142 984
354 258
687 708
195 590
87 612
34 592
308 375
56 392
144 278
398 1
584 958
749 28
805 282
554 26
94 211
902 720
579 613
456 940
697 754
572 490
165 12
733 714
521 50
446 575
361 977
532 676
113 420
832 182
373 90
646 550
393 569
349 193
22 233
524 683
637 814
710 58
912 141
804 395
499 81
594 547
847 503
151 316
101 753
249 838
535 154
349 483
611 528
689 846
743 23
693 782
122 998
659 914
438 187
423 520
561 404
559 641
84 743
693 703
920 469
723 392
444 767
102 967
824 817
987 271
354 180
116 807
776 1000
998 141
765 142
927 131
654 969
534 291
862 876
833 854
689 266
200 297
829 770
223 631
546 228
929 212
810 134
709 969
612 357
370 120
446 673
321 388
708 784
765 321
878 160
299 461
94 146
255 900
517 839
755 452
403 475
556 755
117 931
998 856
982 61
511 767
207 726
812 532
562 963
764 509
734 733
611 402
136 476
156 903
602 371
982 33
679 469
352 954
294 829
464 968
736 784
455 266
350 484
59 669
800 257
705 21
330 112
538 445
527 873
630 47
425 860
67 895
781 231
122 353
250 410
605 276
808 42
183 930
719 284
496 566
334 314
999 60
159 430
129 354
686 62
926 30
31 143
642 32
435 802
699 433
817 14
400 714
516 680
48 92
215 192
784 830
275 663
457 536
629 978
232 280
910 831
91 463
73 584
368 840
208 289
116 938
688 27
538 526
873 17
391 682
285 419
180 204
198 908
346 179
418 260
205 204
134 200
554 984
945 541
17 990
74 793
806 606
788 61
460 30
759 730
9 178
707 39
456 676
858 185
798 797
964 557
809 612
616 122
906 482
138 584
30 570
344 349
726 8
259 724
522 722
134 532
691 761
18 117
660 580
735 128
312 810
187 918
687 877
869 586
265 724
514 757
776 412
4 183
777 369
725 11
782 962
156 268
65 336
748 694
274 572
828 251
62 551
689 960
69 265
456 706
554 903
577 302
273 744
300 979
463 1
139 471
783 754
406 728
684 617
443 61
120 896
757 642
325 433
534 175
383 719
315 103
335 872
233 274
984 630
641 299
148 333
595 689
206 255
176 958
983 925
752 747
291 351
270 202
24 322
958 709
462 404
559 558
157 442
875 653
36 489
902 508
206 921
500 766
285 278
452 377
8 933
775 151
249 810
837 618
414 821
162 178
271 852
113 640
620 879
411 593
507 392
972 854
243 434
360 246
882 463
417 765
551 146
720 150
792 259
152 738
462 963
156 186
892 140
985 278
255 604
243 720
373 513
427 489
415 812
134 752
799 970
621 108
568 8
566 535
274 495
421 108
188 361
778 559
448 390
636 879
74 320
93 420
754 478
369 900
78 988
363 162
18 891
184 623
937 87
888 515
761 379
120 621
857 776
783 560
919 48
978 524
67 823
982 912
992 912
644 761
743 157
581 322
819 373
527 684
736 405
663 444
480 83
387 737
885 365
11 906
405 169
555 841
771 916
138 283
943 754
417 320
129 116
792 585
944 95
980 629
31 357
487 615
842 626
384 38
422 546
29 836
410 681
369 981
578 575
45 474
817 385
821 329
750 353
660 539
95 596
809 935
975 976
819 986
427 166
284 293
46 828
108 993
159 743
897 410
350 546
726 329
565 965
217 879
806 497
574 877
995 312
243 575
143 384
981 998
251 137
34 593
972 175
848 869
501 321
799 942
156 22
992 347
714 626
971 97
863 23
574 222
570 418
305 667
473 849
754 450
739 106
260 785
597 8
28 277
50 509
602 702
822 871
805 123
164 373
444 197
344 849
790 368
844 368
663 83
795 347
10 689
303 608
876 358
932 80
864 358
221 183
993 70
701 653
650 993
447 597
408 70
68 286
180 653
883 435
573 435
120 69
81 109
993 800
634 562
375 644
871 771
234 196
392 702
157 354
582 461
513 202
789 109
208 326
688 112
63 840
655 532
432 830
969 352
777 958
375 859
637 36
964 276
293 580
738 937
782 780
998 639
581 557
397 998
159 731
665 709
170 160
498 789
177 808
199 303
990 590
740 17
191 347
998 857
713 991
717 831
309 789
156 17
928 250
378 161
86 214
381 810
263 988
982 284
506 77
264 353
143 555
683 558
292 98
788 519
669 591
528 621
819 30
852 125
786 301
352 665
278 241
67 894
378 414
644 802
370 789
776 506
463 44
869 510
818 109
899 481
851 863
608 745
597 767
304 378
81 616
407 554
691 675
732 777
882 432
252 88
480 394
667 926
797 963
283 580
410 493
85 834
656 284
305 322
769 211
914 988
831 437
797 741
618 66
488 163
732 478
346 257
402 623
555 447
96 312
944 246
765 2
731 158
767 756
595 959
851 553
122 667
85 533
638 867
175 548
461 306
530 533
413 399
697 252
932 893
935 14
60 708
595 669
467 826
892 105
731 301
414 523
734 924
381 748
700 788
954 516
299 697
335 839
750 234
683 223
596 724
907 791
912 763
127 730
74 730
679 363
682 29
652 757
619 618
748 782
622 787
346 534
350 54
23 372
830 892
248 536
636 955
361 799
322 527
929 541
269 20
970 355
143 527
494 881
579 717
433 267
452 625
537 941
297 356
207 233
616 582
787 649
917 570
511 167
889 115
255 614
746 684
191 141
218 913
240 761
594 1000
406 160
747 10
783 866
426 793
249 750
50 969
530 76
188 607
567 221
976 598
884 71
267 217
931 142
842 607
93 711
772 793
76 446
793 290
907 486
986 309
38 582
223 590
370 258
81 417
603 36
397 989
513 988
55 941
736 591
375 176
268 846
488 460
308 127
221 444
610 715
590 333
115 32
617 273
122 913
8 806
51 407
660 891
493 982
33 690
630 569
777 371
522 868
407 24
32 504
566 613
668 141
605 870
52 922
553 731
465 830
613 519
491 475
96 286
51 83
443 668
691 504
286 826
584 866
662 561
351 908
216 24
252 839
718 840
611 792
387 450
448 212
657 480
966 106
14 615
213 717
568 564
712 671
178 295
107 343
755 739
331 783
101 445
887 818
713 59
948 950
680 332
487 817
685 197
471 140
96 130
629 792
98 848
617 800
906 24
585 322
15 611
896 275
760 984
851 387
788 400
57 394
441 43
501 923
820 993
416 304
271 939
842 853
147 377
263 567
808 952
203 958
510 782
103 737
342 71
275 138
630 746
88 765
530 492
70 573
308 450
40 608
846 582
227 18
851 940
32 4
517 3
441 592
207 621
190 885
673 269
639 686
151 890
722 978
395 684
674 657
60 304
425 981
374 400
545 932
486 766
852 785
330 90
117 434
463 218
688 266
307 326
606 110
329 130
681 437
754 677
24 848
577 356
753 337
637 812
822 902
127 990
681 454
175 414
946 30
638 430
420 269
746 727
25 475
941 157
559 274
926 627
983 614
106 214
969 44
71 660
889 773
563 708
55 416
385 92
561 27
543 159
290 211
552 738
334 152
262 149
980 650
984 845
289 809
971 789
972 554
703 682
480 700
180 693
214 799
346 221
706 159
81 88
524 407
928 575
397 916
189 530
389 48
525 836
472 538
273 543
698 264
423 849
302 866
263 680
547 613
513 693
365 66
42 103
354 437
407 445
483 11
341 169
605 908
307 889
520 326
868 190
948 246
604 656
904 870
575 305
632 857
247 832
48 826
322 441
371 215
273 91
353 864
518 595
188 274
578 230
355 291
675 768
295 556
262 642
70 997
495 664
847 695
403 774
889 485
671 613
188 140
378 866
743 330
474 869
439 417
810 567
455 481
117 168
12 4
50 851
749 979
931 60
664 747
383 725
165 610
405 467
297 698
483 943
83 233
232 749
488 631
193 981
913 608
642 62
951 40
93 960
500 966
600 428
818 479
140 823
915 651
509 112
625 815
149 79
810 907
110 574
489 508
72 84
625 952
628 105
975 708
591 181
424 501
78 249
959 336
7 199
779 182
466 615
234 475
488 781
832 524
280 223
585 417
962 455
726 404
980 908
693 341
255 836
459 323
744 147
86 934
108 554
271 16
882 1
902 850
81 358
927 677
142 999
553 988
950 590
610 663
403 505
276 617
78 693
942 846
217 983
790 770
743 806
713 290
147 877
445 80
526 171
303 118
251 574
991 421
169 118
188 310
26 393
848 632
486 567
956 808
229 37
336 286
464 837
13 14
680 789
109 613
917 968
97 869
114 829
871 305
139 632
377 213
53 942
976 881
684 980
316 432
376 411
286 520
947 334
92 303
202 315
405 390
633 117
406 161
743 200
447 543
33 831
692 698
487 270
128 533
438 246
420 325
633 230
797 821
893 684
766 394
269 552
182 203
58 461
594 779
810 988
760 223
137 986
40 153
232 600
139 4
778 826
831 603
973 983
817 185
232 487
177 346
50 552
880 743
275 693
154 634
855 310
267 809
988 853
661 490
279 966
98 428
234 575
881 552
493 290
404 373
86 851
344 815
310 619
847 376
830 370
78 503
405 653
877 845
180 387
109 483
695 636
275 113
8 276
47 989
284 481
216 471
825 195
754 107
591 812
907 933
786 174
181 648
846 666
958 496
190 862
801 299
515 517
878 299
56 350
518 648
334 773
62 276
856 261
430 280
378 73
144 897
457 350
420 854
496 436
294 891
740 671
502 254
341 308
967 416
311 412
957 394
821 747
106 882
884 625
66 668
350 526
235 140
129 319
603 183
84 863
838 192
684 605
791 346
942 226
508 402
55 95
756 248
261 716
978 78
119 776
90 574
362 827
73 292
703 544
244 315
500 685
673 629
727 446
71 746
569 580
106 133
688 86
941 380
724 636
758 580
323 61
52 485
290 430
661 141
144 490
497 882
744 461
232 225
358 609
270 455
769 292
733 619
538 619
148 482
708 831
836 372
506 627
990 425
108 995
591 738
501 700
191 208
650 940
825 110
458 577
590 430
294 219
351 414
279 532
222 370
454 925
420 517
717 793
703 218
303 200
677 507
358 55
819 515
904 89
209 659
622 974
534 728
679 306
683 227
494 716
576 295
801 416
438 707
304 739
966 181
614 763
425 869
106 930
16 326
89 656
696 424
847 323
739 330
796 899
742 18
148 690
334 733
367 732
453 177
805 812
365 997
684 563
520 596
667 775
121 257
619 14
654 515
111 666
681 743
461 887
867 716
392 834
729 755
183 238
41 721
595 214
727 493
16 913
793 255
637 448
96 833
474 484
883 64
646 812
404 463
498 478
483 590
307 100
275 346
739 641
405 995
320 817
281 557
122 645
243 41
236 856
994 817
722 480
355 793
686 703
564 451
964 421
233 693
808 917
492 422
897 484
774 325
768 375
368 747
721 297
207 802
43 965
173 910
523 511
337 544
87 404
402 92
757 752
648 796
354 293
983 908
221 563
522 554
423 519
62 349
263 990
178 838
455 374
228 214
62 300
625 128
787 913
22 942
445 301
339 790
736 642
276 54
790 419
494 970
408 669
814 293
881 597
690 207
106 902
783 618
370 787
260 533
636 742
196 683
749 577
981 560
358 131
880 911
384 420
173 22
343 884
250 635
125 381
34 96
552 417
828 278
22 325
728 610
456 101
370 471
764 523
542 247
110 493
951 201
185 794
276 71
663 565
794 644
957 856
348 922
978 565
163 975
93 530
591 279
918 621
522 266
689 558
779 169
217 538
973 14
492 740
882 348
385 899
775 317
372 590
